 ,0,1,2,3,4,5,6,7
0,0,11946020,7826798,8086414,7655906,7813743,7912823,7690359
1,11946020,0,8220325,5856195,5569086,5699193,5769021,5577538
2,7826798,8220325,0,7439034,4631328,4763597,4791730,4662580
3,8086414,5856195,7439034,0,7326278,4882881,4959175,4817413
4,7655906,5569086,4631328,7326278,0,7218670,4696791,4569082
5,7813743,5699193,4763597,4882881,7218670,0,7363395,4669191
6,7912823,5769021,4791730,4959175,4696791,7363395,0,7281955
7,7690359,5577538,4662580,4817413,4569082,4669191,7281955,0
