 ,0,1,2,3,4,5,6,7
0,0,27841649,12237062,12316795,12228903,12332234,12341018,12154418
1,27841649,0,20900806,4422271,4394667,4430174,4431422,4371790
2,12237062,20900806,0,19911107,4369420,4404675,4405895,4346711
3,12316795,4422271,19911107,0,21153273,4431684,4432932,4373300
4,12228903,4394667,4369420,21153273,0,21436536,4405264,4346144
5,12332234,4430174,4404675,4431684,21436536,0,20390789,4381147
6,12341018,4431422,4405895,4432932,4405264,20390789,0,22193980
7,12154418,4371790,4346711,4373300,4346144,4381147,22193980,0
