 ,0,1,2,3,4,5,6,7,8,9,10,11,12,13,14,15,16,17,18,19,20,21,22,23,24,25,26,27,28,29,30,31,32,33,34,35,36,37,38,39,40,41,42,43,44,45,46,47,48,49,50,51,52,53,54,55,56,57,58,59,60,61,62,63,64,65,66,67,68,69,70,71
0,0,21533148,3022370,3052719,2982101,2964924,3016957,2987005,3012733,3044490,2992305,2989617,2997568,2992488,2982641,3002594,3008454,2964459,2997395,2966685,3039120,3039398,3012132,2990113,2982891,3043599,2990670,3026965,2997272,3017148,3019884,3040642,3029659,3002174,3003703,3018609,3003885,3033836,2994999,3053138,3012566,3007768,3046549,3022700,2980261,2956435,3033857,3024097,2991648,3048534,3019424,2988486,3024746,2991546,2971106,2994409,2996444,2973932,2956486,2979850,3038325,3033386,3022705,3001517,3039928,2968211,2965439,3022970,3052725,3011709,3024753,3021347
1,21533148,0,6237169,3099793,3028251,3010810,3071536,3033243,3059234,3099466,3046533,3051879,3043936,3033932,3028791,3048921,3055001,3010345,3029207,3010929,3086018,3086252,3058635,3036395,3029041,3098575,3036909,3080122,3045240,3063782,3066519,3084343,3076425,3048588,3058108,3052194,3042220,3080647,3041325,3084012,3059156,3054269,3101525,3069378,3026278,3002233,3088656,3070820,3037929,3090682,3066057,3034723,3063346,3037784,3025114,3040736,3042770,3006946,3002283,3025955,3085223,3063996,3069338,3047887,3078746,3022131,3011325,3069648,3099797,3058255,3066549,3065978
2,3022370,6237169,0,13325854,3030578,3014711,3065914,3035578,3061593,3101869,3048868,3038240,3046283,3036267,3031118,3043274,3057363,3012648,3031538,3005238,3096403,3088643,3060994,3038733,3031368,3092988,3039243,3076113,3045988,3066153,3092859,3086738,3078808,3050939,3052468,3057737,3047759,3084631,3043668,3086403,3061523,3056630,3095938,3071753,3028593,3006126,3083053,3073198,3040269,3091483,3068428,3037058,3065713,3040120,3019438,3051068,3046711,3014035,3004578,3028278,3095608,3066364,3071708,3050233,3081133,3018046,3021618,3072023,3102208,3060618,3068916,3074741
3,3052719,3099793,13325854,0,22107024,3052833,3096621,3073988,3092231,3124910,3071301,3070292,3086399,3092255,3067860,3083354,3088035,3042781,3061923,3035335,3122570,3119569,3091630,3069189,3061719,3124021,3069665,3106965,3076516,3096897,3099635,3128886,3116052,3083103,3091022,3088267,3078251,3120314,3074161,3117328,3092232,3087267,3126970,3102537,3063628,3044176,3113941,3104015,3078715,3122481,3099173,3075468,3096422,3070538,3049678,3073571,3075606,3045693,3042629,3058591,3118578,3097072,3102455,3087153,3113621,3060998,3059740,3102803,3139707,3091291,3106016,3099094
4,2982101,3028251,3030578,22107024,0,25659198,3025164,2995213,3020941,3052697,3000513,2997826,3005774,2999098,2994047,3002813,3016662,2972667,2991221,2965305,3060113,3047606,3020341,2998321,2991100,3051807,2998878,3035173,3005479,3025356,3028091,3050447,3042661,3010381,3016705,3020425,3004102,3042044,3003208,3045366,3020774,3015976,3062747,3030908,2988468,2964643,3046858,3040295,2999855,3050350,3027631,2996693,3024964,3015733,2987304,3010607,3004654,2967758,2964693,2988057,3046533,3025614,3030912,3009724,3040145,2981213,2973648,3031178,3078509,3032701,3026569,3027555
5,2964924,3010810,3014711,3052833,25659198,0,20506141,2977988,3003571,3035065,2983288,2980577,2988477,2977079,2973672,2985539,2999270,2955634,2974023,2948296,3036136,3030046,3010962,2981073,2973922,3034174,2981653,3017660,2996174,3030287,3010650,3028069,3023550,2993060,2997788,3001529,2986829,3024508,2985937,3027807,3016141,3001803,3037125,3013444,2971363,2947660,3027723,3014816,2990597,3032741,3016582,2987458,3015537,2987322,2965404,2985344,2987379,2953969,2952502,2970904,3028949,3008197,3013471,2992428,3022607,2968952,2956615,3013713,3059233,3005720,3009152,3010111
6,3016957,3071536,3065914,3096621,3025164,20506141,0,6425830,3056118,3094705,3037046,3032801,3048819,3029239,3025704,3045817,3051879,3007282,3026116,3007871,3084464,3083101,3055517,3049275,3041935,3095413,3033816,3070587,3048525,3062250,3063386,3081191,3073285,3053467,3054999,3049087,3039117,3077499,3038222,3080864,3056030,3051151,3090373,3066244,3023206,2999178,3085510,3067680,3034830,3098709,3074113,3033226,3068211,3034691,3014048,3037634,3055647,3002293,2999229,3022873,3082068,3062467,3072599,3044779,3083589,3012672,3008262,3066513,3104616,3055132,3063422,3069240
7,2987005,3033243,3035578,3073988,2995213,2977988,6425830,0,13249445,3057753,3005433,3010743,3010719,2999223,2995753,3015738,3021638,2977523,2996133,2970153,3053966,3068618,3033298,3003249,2996003,3064854,3003798,3040188,3010423,3031947,3033083,3050693,3044481,3023323,3016863,3017378,3009038,3047068,3008143,3050398,3025758,3020943,3059814,3035908,2993348,2969483,3047088,3037313,3004783,3055399,3034222,3001613,3037938,3004673,2984195,3007553,3009589,2972598,2969533,2992953,3051573,3030598,3043893,3022658,3046766,2981283,2978503,3036178,3066004,3024893,3031553,3040534
8,3012733,3059234,3061593,3092231,3020941,3003571,3056118,13249445,0,23783692,3031209,3028553,3036565,3024998,3021480,3041562,3047581,3007901,3025080,2995712,3086494,3085142,3051227,3037037,3021731,3091040,3029573,3066251,3044261,3062732,3059074,3084819,3075339,3053990,3042735,3043227,3042852,3073155,3038760,3076511,3051727,3046863,3085998,3063521,3025396,2995018,3073175,3063352,3030582,3086351,3072997,3035379,3063906,3030449,3014643,3033376,3035412,2998135,2995068,3018657,3082502,3056566,3061896,3040518,3077647,3006890,3004086,3062193,3098627,3060426,3057520,3066525
9,3044490,3099466,3101869,3124910,3052697,3035065,3094705,3057753,23783692,0,19939104,3068434,3068542,3056843,3053237,3065504,3087726,3034599,3060078,3028759,3111010,3111211,3089730,3060936,3053487,3115639,3074202,3098624,3068247,3088580,3091316,3109333,3101319,3076423,3074758,3075203,3066794,3105572,3077086,3108970,3088716,3082168,3126580,3094210,3050628,3026423,3105593,3103671,3065669,3122096,3090855,3067223,3104095,3062294,3044669,3071701,3068944,3035931,3026474,3050369,3121400,3088763,3094137,3072493,3103673,3038428,3035580,3094478,3124916,3090981,3089718,3095570
10,2992305,3046533,3048868,3071301,3000513,2983288,3037046,3005433,3031209,19939104,0,8440826,3022410,3004524,3001054,3013051,3026938,2982825,3001433,2975454,3065658,3061135,3037000,3008549,3001306,3070153,3012294,3045488,3015723,3043638,3038383,3055993,3054577,3030221,3022165,3022680,3014338,3052372,3023033,3062091,3031059,3042225,3065114,3041210,3003443,2977979,3060379,3042614,3013282,3065492,3037923,3006913,3035248,3025953,2989493,3030431,3014890,2977898,2974834,3019028,3068060,3043889,3041203,3019970,3058462,2986586,2983804,3049469,3071303,3030196,3036854,3037844
11,2989617,3051879,3038240,3070292,2997826,2980577,3032801,3010743,3028553,3068434,8440826,0,13228565,3001844,3006355,3010376,3024287,2980111,2998749,2982326,3055048,3055314,3035943,3020255,3000215,3059553,3006418,3042857,3013056,3034602,3042132,3053373,3045552,3017969,3019501,3028001,3011666,3057730,3010771,3061065,3028410,3025185,3062502,3038568,2995948,2972063,3057752,3039977,3009007,3058082,3043269,3012223,3032601,3007293,2986793,3010181,3015412,2987963,2972113,2995562,3054254,3033250,3046550,3025292,3047840,2983876,2981091,3038838,3076689,3027541,3034207,3035200
12,2997568,3043936,3046283,3086399,3005774,2988477,3048819,3010719,3036565,3068542,3022410,13228565,0,21853514,3009510,3018357,3032308,2988012,3006706,2987022,3072721,3069783,3035965,3013845,3014554,3067652,3025569,3050918,3021044,3041041,3043776,3061458,3053612,3029162,3027496,3028001,3019648,3057809,3026742,3064348,3041233,3037992,3070603,3046613,3003873,2979948,3057829,3048030,3021773,3069372,3043318,3012199,3040629,3015258,2994718,3018162,3020198,2991053,2979998,3003503,3062338,3049269,3046596,3025291,3055909,2991784,2988992,3046883,3076817,3035562,3042234,3051227
13,2992488,3033932,3036267,3092255,2999098,2977079,3029239,2999223,3024998,3056843,3004524,3001844,21853514,0,24801766,3006838,3020729,2976613,2995223,2969243,3059448,3051728,3024400,3002338,3007877,3055953,3007682,3045670,3011111,3039026,3038565,3049785,3041973,3019217,3015953,3016471,3008128,3046159,3007233,3049489,3032838,3020036,3066893,3034998,2992438,2968574,3046178,3036404,3011864,3059283,3031714,3000704,3037028,3003766,2988077,3006643,3008678,2971690,2968623,2992043,3050663,3029688,3042983,3013758,3044259,2980374,2977594,3035268,3065093,3023983,3032244,3038027
14,2982641,3028791,3031118,3067860,2994047,2973672,3025704,2995753,3021480,3053237,3001054,3006355,3009510,24801766,0,20283468,3017202,2979599,2999751,2965845,3047868,3048147,3025676,3002056,3002827,3060337,2999419,3035712,3014009,3025896,3028631,3046193,3038407,3010923,3020441,3012974,3004642,3042584,3003747,3045907,3021314,3022907,3055297,3031449,2989009,2965183,3042604,3032845,3000395,3050892,3028171,2997233,3025504,3000293,2983051,3003157,3005193,2976288,2965233,2988597,3055063,3032546,3031451,3010264,3047076,2976959,2974187,3031720,3061471,3020458,3027109,3028093
15,3002594,3048921,3043274,3083354,3002813,2985539,3045817,3015738,3041562,3065504,3013051,3010376,3018357,3006838,20283468,0,6284477,2986672,3003740,2977697,3060103,3060365,3032971,3018862,3003603,3064615,3011413,3047899,3018064,3046025,3040771,3058428,3050596,3022980,3032501,3029812,3019865,3054787,3015775,3058126,3033437,3038195,3067566,3043604,3008914,2977018,3054807,3053006,3012406,3063141,3040310,3009228,3037628,3012288,3007749,3023176,3025210,2980133,2977068,3000545,3067298,3039875,3043590,3022309,3054486,2988842,2986055,3043873,3088152,3034163,3039233,3040232
16,3008454,3055001,3057363,3088035,3016662,2999270,3051879,3021638,3047581,3087726,3026938,3024287,3032308,3020729,3017202,6284477,0,13214752,3017611,2991408,3082283,3082526,3054972,3024782,3025442,3080443,3031696,3076411,3033610,3052106,3056438,3077413,3067923,3036951,3038481,3038967,3030600,3068937,3037696,3072298,3049088,3049008,3091383,3073674,3022703,2998699,3076947,3068715,3034308,3077352,3054380,3023118,3051680,3027777,3013548,3029115,3031150,2993824,2990758,3022366,3089479,3055523,3064054,3036258,3067038,3002593,2999784,3057964,3088040,3046595,3061272,3054302
17,2964459,3010345,3012648,3042781,2972667,2955634,3007282,2977523,3007901,3034599,2982825,2980111,2988012,2976613,2979599,2986672,13214752,0,24728779,2947831,3042062,3032776,3007301,2980607,2973457,3041699,2981191,3017194,2987717,3012244,3024567,3035593,3024683,2992596,2995724,3001064,2986364,3024043,2985469,3027340,3017275,2998142,3036659,3028959,2970899,2947194,3024062,3028734,2982143,3032277,3009726,2979003,3007082,2988455,2961743,2992869,2986914,2955103,2947243,2970439,3028484,3014125,3020995,2991964,3022144,2958900,2956150,3013250,3042786,3010049,3016677,3009648
18,2997395,3029207,3031538,3061923,2991221,2974023,3026116,2996133,3025080,3060078,3001433,2998749,3006706,2995223,2999751,3003740,3017611,24728779,0,19508698,3051505,3056573,3021284,2999246,2992011,3054393,3006191,3036142,3006411,3029509,3029047,3046634,3042031,3027298,3012847,3013369,3005030,3043016,3004135,3046343,3021726,3016919,3063735,3039859,2989368,2978307,3054223,3033270,3007173,3051334,3034983,2999211,3025917,3000673,2986605,3005143,3005581,2978229,2983151,2988965,3047515,3026567,3038259,3010657,3047509,2977311,2974536,3040129,3061928,3020866,3027521,3028509
19,2966685,3010929,3005238,3035335,2965305,2948296,3007871,2970153,2995712,3028759,2975454,2982326,2987022,2969243,2965845,2977697,2991408,2947831,19508698,0,6425533,3022154,2995112,2973233,2966095,3026272,2973818,3009776,2980335,3000044,3002779,3032958,3015669,2985209,2986739,2995281,2986976,3024610,2978091,3019915,2995490,2990748,3029222,3005568,2963548,2939863,3032620,3006937,2976366,3024842,3002320,2971633,2999680,2982683,2954394,2977501,2979536,2942978,2939913,2963081,3021054,3000330,3015187,2992570,3016318,2951555,2948811,3005838,3035339,2994661,3001285,3002240
20,3039120,3086018,3096403,3122570,3060113,3036136,3084464,3053966,3086494,3111010,3065658,3055048,3072721,3059448,3047868,3060103,3082283,3042062,3051505,6425533,0,13321628,3077904,3055543,3056111,3110119,3064024,3093143,3062839,3083125,3085859,3103830,3095840,3067809,3069340,3085775,3061393,3100083,3060499,3103475,3078475,3073538,3121059,3088743,3045284,3021118,3100104,3090208,3065068,3118181,3086996,3053850,3082664,3056910,3036128,3059909,3085916,3024234,3021168,3045011,3104710,3091303,3096669,3067083,3114163,3033099,3030259,3089014,3120979,3085539,3084268,3085321
21,3039398,3086252,3088643,3119569,3047606,3030046,3083101,3068618,3085142,3111211,3061135,3055314,3069783,3051728,3048147,3060365,3082526,3032776,3056573,3022154,13321628,0,23017099,3063801,3048396,3110322,3064294,3101357,3063097,3083358,3086092,3104040,3096061,3068065,3069593,3070052,3069646,3100301,3060760,3103687,3078711,3073787,3113271,3088974,3045573,3021428,3100321,3090436,3060541,3115192,3098417,3063706,3082901,3065168,3044409,3060170,3062205,3024543,3021478,3045291,3108114,3083551,3088914,3083321,3106392,3044582,3030562,3102028,3129161,3077790,3084508,3085554
22,3012132,3058635,3060994,3091630,3020341,3010962,3055517,3033298,3051227,3089730,3037000,3035943,3035965,3024400,3025676,3032971,3054972,3007301,3021284,2995112,3077904,23017099,0,23825626,3021131,3082447,3028975,3065651,3035671,3055739,3058475,3076228,3068346,3048594,3050125,3042625,3034262,3072556,3041356,3083900,3055920,3049460,3093386,3061326,3031188,2994418,3072576,3062753,3034776,3080958,3058015,3026789,3056914,3036242,3009248,3032777,3034811,2997533,2994468,3018056,3081902,3063955,3069286,3039917,3070655,3011085,3003486,3071182,3094831,3055031,3066508,3064331
23,2990113,3036395,3038733,3069189,2998321,2981073,3049275,3003249,3037037,3060936,3008549,3020255,3013845,3002338,3002056,3018862,3024782,2980607,2999246,2973233,3055543,3063801,23825626,0,20099118,3060046,3006916,3043352,3021542,3033501,3042627,3061858,3046046,3018465,3019996,3020506,3020153,3050235,3011266,3059962,3028905,3024084,3070986,3047054,2999639,2972558,3056648,3040472,3007902,3058578,3042167,3006326,3033096,3015779,2993682,3020264,3012712,2975673,2972609,3004046,3061140,3033745,3039054,3017796,3048336,2984371,2981587,3050520,3077184,3031232,3034701,3035695
24,2982891,3029041,3031368,3061719,2991100,2973922,3041935,2996003,3021731,3053487,3001306,3000215,3014554,3007877,3002827,3003603,3025442,2973457,2992011,2966095,3056111,3048396,3021131,20099118,0,6069133,2999670,3035962,3006270,3026146,3030479,3054433,3045050,3012772,3012701,3013225,3004893,3050824,3003997,3047756,3021566,3024756,3055548,3031700,2989258,2965434,3044452,3033096,3000645,3059132,3028421,2997487,3025755,3008533,2980104,3019389,3013434,2968549,2970278,3000036,3048922,3034394,3039694,3018505,3040935,2978809,2988819,3031968,3069713,3020707,3027360,3028343
25,3043599,3098575,3092988,3124021,3051807,3034174,3095413,3064854,3091040,3115639,3070153,3059553,3067652,3055953,3060337,3064615,3080443,3041699,3054393,3026272,3110119,3110322,3082447,3060046,6069133,0,13276343,3097734,3067358,3087690,3090425,3108443,3100429,3073934,3073866,3074312,3065905,3104682,3065009,3116071,3091024,3084474,3119299,3093318,3057728,3025533,3104702,3094792,3061581,3113216,3097955,3066333,3088820,3069393,3040585,3064419,3066455,3028650,3033573,3049481,3109323,3087872,3093245,3079593,3102783,3039135,3041081,3098382,3127222,3082099,3088827,3099475
26,2990670,3036909,3039243,3069665,2998878,2981653,3033816,3003798,3029573,3074202,3012294,3006418,3025569,3007682,2999419,3011413,3031696,2981191,3006191,2973818,3064024,3064294,3028975,3006916,2999670,13276343,0,23605812,3026872,3038807,3044738,3054358,3046548,3025393,3020528,3029034,3012704,3055528,3011808,3054063,3029423,3024609,3063478,3039573,2997014,2973149,3063539,3040979,3008449,3059065,3036288,3005278,3047996,3008339,2987860,3019210,3021243,2984255,2973198,2996618,3055238,3034263,3044363,3018333,3048835,3000928,2982168,3047834,3069669,3036548,3035218,3042602
27,3026965,3080122,3076113,3106965,3035173,3017660,3070587,3040188,3066251,3098624,3045488,3042857,3050918,3045670,3035712,3047899,3076411,3017194,3036142,3009776,3093143,3101357,3065651,3043352,3035962,3097734,23605812,0,18170304,3074031,3073570,3091469,3083514,3071560,3057110,3057581,3055581,3092541,3048294,3102311,3070991,3061287,3100685,3076443,3033163,3009058,3090963,3084289,3044887,3104211,3073110,3041668,3070387,3051120,3024009,3047705,3049740,3012173,3009108,3040854,3092348,3071037,3087576,3062857,3085847,3021002,3018174,3076715,3114961,3065284,3071992,3073031
28,2997272,3045240,3045988,3076516,3005479,2996174,3048525,3010423,3044261,3068247,3015723,3013056,3021044,3011111,3014009,3018064,3033610,2987717,3006411,2980335,3062839,3063097,3035671,3021542,3006270,3067358,3026872,18170304,0,6734943,3046678,3065958,3061308,3025673,3027202,3027705,3019355,3065505,3018458,3076837,3036144,3039298,3070307,3046320,3003578,2979655,3065527,3057324,3023076,3073870,3043022,3011903,3041934,3027747,2997621,3017868,3019902,2982769,2979704,3003207,3062043,3040984,3054293,3024994,3063604,2991490,2996687,3054578,3076524,3035268,3041939,3050932
29,3017148,3063782,3066153,3096897,3025356,3030287,3062250,3031947,3062732,3088580,3043638,3034602,3041041,3039026,3025896,3046025,3052106,3012244,3029509,3000044,3083125,3083358,3055739,3033501,3026146,3087690,3038807,3074031,6734943,0,13278872,3081449,3073532,3045692,3047223,3057291,3039325,3085742,3046420,3081118,3056261,3059364,3090640,3066484,3023384,3007328,3077772,3069523,3049417,3086189,3063163,3031829,3060452,3034889,3020621,3039439,3039876,3002454,2999388,3023061,3082328,3062699,3072835,3044992,3075852,3019237,3008430,3066753,3096903,3055360,3065252,3063083
30,3019884,3066519,3092859,3099635,3028091,3010650,3063386,3033083,3059074,3091316,3038383,3042132,3043776,3038565,3028631,3040771,3056438,3024567,3029047,3002779,3085859,3086092,3058475,3042627,3030479,3090425,3044738,3073570,3046678,13278872,0,22010318,3076265,3048428,3049957,3061622,3056442,3080486,3041165,3083853,3058997,3054111,3093375,3072414,3026118,3010063,3080508,3070660,3037769,3088924,3069093,3034563,3064784,3044016,3016963,3040577,3042610,3013178,3005320,3025795,3085065,3063837,3069177,3047726,3078586,3013981,3011166,3069488,3107627,3058095,3077575,3065818
31,3040642,3084343,3086738,3128886,3050447,3028069,3081191,3050693,3084819,3109333,3055993,3053373,3061458,3049785,3046193,3058428,3077413,3035593,3046634,3032958,3103830,3104040,3076228,3061858,3054433,3108443,3054358,3091469,3065958,3081449,22010318,0,24462032,3066133,3067663,3068119,3064512,3106398,3058823,3109789,3076799,3071864,3111394,3091863,3043609,3019443,3098429,3088535,3063393,3106918,3088518,3060164,3080988,3055233,3034453,3058234,3060269,3022559,3032277,3043334,3107828,3081638,3094994,3073398,3104498,3031423,3028584,3087338,3117706,3075873,3082593,3083644
32,3029659,3076425,3078808,3116052,3042661,3023550,3073285,3044481,3075339,3101319,3054577,3045552,3053612,3041973,3038407,3050596,3067923,3024683,3042031,3015669,3095840,3096061,3068346,3046046,3045050,3100429,3046548,3083514,3061308,3073532,3076265,24462032,0,17800152,3059807,3066664,3051884,3090442,3058979,3093820,3068894,3071971,3103379,3085531,3035860,3019744,3106443,3088581,3047581,3103710,3079003,3044363,3073082,3047423,3034693,3050400,3052434,3014869,3011804,3043550,3098240,3073732,3087075,3057563,3096534,3023698,3020869,3079408,3109665,3067980,3074687,3075726
33,3002174,3048588,3050939,3083103,3010381,2993060,3053467,3023323,3053990,3076423,3030221,3017969,3029162,3019217,3010923,3022980,3036951,2992596,3027298,2985209,3067809,3068065,3048594,3018465,3012772,3073934,3025393,3071560,3025673,3045692,3048428,3066133,17800152,0,9010376,3042214,3032261,3062477,3023376,3073812,3041086,3036241,3075285,3052868,3008469,2984523,3062496,3060679,3019999,3078846,3047967,3024803,3045278,3027864,2999316,3022786,3024821,2987638,2984575,3008106,3067014,3045927,3051248,3029916,3060577,3004361,3004761,3064324,3089499,3048196,3046882,3055879
34,3003703,3058108,3052468,3091022,3016705,2997788,3054999,3016863,3042735,3074758,3022165,3019501,3027496,3015953,3020441,3032501,3038481,2995724,3012847,2986739,3069340,3069593,3050125,3019996,3012701,3073866,3020528,3057110,3027202,3047223,3049957,3067663,3059807,9010376,0,13248879,3025800,3064006,3024906,3067355,3055400,3040966,3076816,3060792,3010000,2986053,3064028,3065406,3027921,3086766,3052694,3026333,3054796,3021405,3000843,3032305,3050320,2989168,2986103,3009636,3068543,3047456,3052777,3039438,3070096,2999500,2995106,3053069,3083037,3041736,3056401,3059006
35,3018609,3052194,3057737,3088267,3020425,3001529,3049087,3017378,3043227,3075203,3022680,3028001,3028001,3016471,3012974,3029812,3038967,3001064,3013369,2995281,3085775,3070052,3042625,3020506,3013225,3074312,3029034,3057581,3027705,3057291,3061622,3068119,3066664,3042214,13248879,0,24921951,3074058,3033402,3071009,3047893,3043055,3085253,3053274,3010533,2986608,3064489,3061084,3022042,3079228,3049978,3018859,3047290,3021919,3001378,3024823,3034850,2997715,2986658,3010162,3068998,3047940,3053258,3031951,3062570,3012827,2995652,3053545,3089868,3043822,3048897,3064279
36,3003885,3042220,3047759,3078251,3004102,2986829,3039117,3009038,3042852,3066794,3014338,3011666,3019648,3008128,3004642,3019865,3030600,2986364,3005030,2986976,3061393,3069646,3034262,3020153,3004893,3065905,3012704,3055581,3019355,3039325,3056442,3064512,3051884,3032261,3025800,24921951,0,20435385,3017064,3059416,3034727,3033093,3068854,3044895,3010203,2978308,3056097,3052698,3020088,3064431,3041602,3010518,3038917,3013580,2993059,3022866,3018509,2989413,2986349,3001834,3060598,3039567,3044880,3023598,3054178,2991731,2993736,3053153,3075060,3033855,3040522,3041521
37,3033836,3080647,3084631,3120314,3042044,3024508,3077499,3047068,3073155,3105572,3052372,3057730,3057809,3046159,3042584,3054787,3068937,3024043,3043016,3024610,3100083,3100301,3072556,3050235,3050824,3104682,3055528,3092541,3065505,3085742,3080486,3106398,3090442,3062477,3064006,3074058,20435385,0,8808591,3104453,3073109,3068190,3115622,3083365,3044817,3019095,3094700,3094408,3053368,3103165,3080027,3048548,3077299,3051609,3030869,3056190,3056627,3019013,3015948,3054114,3100886,3077949,3083307,3061760,3092781,3043835,3025022,3083634,3113926,3072194,3086894,3079947
38,2994999,3041325,3043668,3074161,3003208,2985937,3038222,3008143,3038760,3077086,3023033,3010771,3026742,3007233,3003747,3015775,3037696,2985469,3004135,2978091,3060499,3060760,3041356,3011266,3003997,3065009,3011808,3048294,3018458,3046420,3041165,3058823,3058979,3023376,3024906,3033402,3017064,8808591,0,13289349,3041822,3029001,3067961,3043998,3001319,2977414,3055202,3045412,3020791,3063537,3040705,3009623,3038023,3012683,2992164,3023569,3017615,2980528,2985453,3000939,3059704,3038672,3043987,3038683,3062872,2989238,2986449,3045867,3074165,3032960,3047617,3040627
39,3053138,3084012,3086403,3117328,3045366,3027807,3080864,3050398,3076511,3108970,3062091,3061065,3064348,3049489,3045907,3058126,3072298,3027340,3046343,3019915,3103475,3103687,3083900,3059962,3047756,3116071,3054063,3102311,3076837,3081118,3083853,3109789,3093820,3073812,3067355,3071009,3059416,3104453,13289349,0,21723955,3071546,3114226,3088332,3049726,3019189,3098082,3088194,3063097,3106559,3083395,3051879,3080661,3059735,3045364,3057931,3079142,3022304,3019239,3043051,3110669,3082911,3097861,3068298,3102555,3032754,3034713,3093395,3125324,3075550,3082266,3083315
40,3012566,3059156,3061523,3092232,3020774,3016141,3056030,3025758,3051727,3088716,3031059,3028410,3041233,3032838,3021314,3033437,3049088,3017275,3021726,2995490,3078475,3078711,3055920,3028905,3021566,3091024,3029423,3070991,3036144,3056261,3058997,3076799,3068894,3041086,3055400,3047893,3034727,3073109,3041822,21723955,0,23413741,3100364,3066648,3018813,2994790,3073129,3063292,3030440,3081535,3066526,3027239,3055829,3030299,3009658,3033243,3040071,2997904,2994838,3034463,3077678,3064470,3061817,3048380,3071209,3006684,3003872,3062123,3092236,3050742,3057434,3058457
41,3007768,3054269,3056630,3087267,3015976,3001803,3051151,3020943,3046863,3082168,3042225,3025185,3037992,3020036,3022907,3038195,3049008,2998142,3016919,2990748,3073538,3073787,3049460,3024084,3024756,3084474,3024609,3061287,3039298,3059364,3054111,3071864,3071971,3036241,3040966,3043055,3033093,3068190,3029001,3071546,23413741,0,18399315,3060155,3014038,2990054,3068212,3066377,3025620,3076592,3061639,3022425,3060538,3036671,3008079,3028412,3030446,2999560,2994897,3031270,3072743,3051602,3061723,3046736,3066293,3001925,2999121,3065218,3087270,3045871,3052555,3053571
42,3046549,3101525,3095938,3126970,3062747,3037125,3090373,3059814,3085998,3126580,3065114,3062502,3070603,3066893,3055297,3067566,3091383,3036659,3063735,3029222,3121059,3113271,3093386,3070986,3055548,3119299,3063478,3100685,3070307,3090640,3093375,3111394,3103379,3075285,3076816,3085253,3068854,3115622,3067961,3114226,3100364,18399315,0,8495009,3052689,3028483,3107652,3097741,3064532,3116166,3092915,3061293,3090173,3064353,3043536,3075359,3069407,3033196,3028533,3054030,3120264,3090822,3096195,3074553,3105732,3040488,3037639,3096538,3126975,3101029,3091778,3108816
43,3022700,3069378,3071753,3102537,3030908,3013444,3066244,3035908,3063521,3094210,3041210,3038568,3046613,3034998,3031449,3043604,3073674,3028959,3039859,3005568,3088743,3088974,3061326,3047054,3031700,3093318,3039573,3076443,3046320,3066484,3072414,3091863,3085531,3052868,3060792,3053274,3044895,3083365,3043998,3088332,3066648,3060155,8495009,0,13257185,3008055,3083383,3097502,3040598,3091813,3070358,3037388,3066045,3040448,3026160,3045008,3053433,3017563,3004909,3028608,3087949,3068291,3072038,3063348,3084659,3016779,3013958,3080344,3110532,3060949,3075638,3068679
44,2980261,3026278,3028593,3063628,2988468,2971363,3023206,2993348,3025396,3050628,3003443,2995948,3003873,2992438,2989009,3008914,3022703,2970899,2989368,2963548,3045284,3045573,3031188,2999639,2989258,3057728,2997014,3033163,3003578,3023384,3026118,3043609,3035860,3008469,3010000,3010533,3010203,3044817,3001319,3049726,3018813,3014038,3052689,13257185,0,25136169,3040043,3031906,3004370,3053087,3035247,2994828,3023003,2997890,2977508,3008718,3002763,2972405,2962949,2986229,3044488,3030045,3028938,3007823,3046113,2982628,2971878,3029195,3058839,3030753,3024608,3025579
45,2956435,3002233,3006126,3044176,2964643,2947660,2999178,2969483,2995018,3026423,2977979,2972063,2979948,2968574,2965183,2977018,2998699,2947194,2978307,2939863,3021118,3021428,2994418,2972558,2965434,3025533,2973149,3009058,2979655,3007328,3010063,3019443,3019744,2984523,2986053,2986608,2978308,3019095,2977414,3019189,2994790,2990054,3028483,3008055,25136169,0,20243773,3006224,2974094,3024108,3014397,2978953,2998978,2974023,2961734,2976823,2986848,2948741,2939283,2970414,3020324,2999628,3017678,2987094,3013998,2950915,2948173,3005128,3042584,2997159,3000583,3001534
46,3033857,3088656,3083053,3113941,3046858,3027723,3085510,3047088,3073175,3105593,3060379,3057752,3057829,3046178,3042604,3054807,3076947,3024062,3054223,3032620,3100104,3100321,3072576,3056648,3044452,3104702,3063539,3090963,3065527,3077772,3080508,3098429,3106443,3062496,3064028,3064489,3056097,3094700,3055202,3098082,3073129,3068212,3107652,3083383,3040043,20243773,0,6817830,3051790,3103185,3083242,3048568,3078917,3058020,3030889,3054613,3056647,3028622,3015968,3039753,3099309,3077969,3083329,3061779,3092800,3027875,3025042,3083654,3113946,3072213,3078924,3079967
47,3024097,3070820,3073198,3104015,3040295,3014816,3067680,3037313,3063352,3103671,3042614,3039977,3048030,3036404,3032845,3053006,3068715,3028734,3033270,3006937,3090208,3090436,3062753,3040472,3033096,3094792,3040979,3084289,3057324,3069523,3070660,3088535,3088581,3060679,3065406,3061084,3052698,3094408,3045412,3088194,3063292,3066377,3097741,3097502,3031906,3006224,6817830,0,13258105,3093283,3070199,3038793,3067480,3043455,3021153,3052814,3046856,3009340,3006273,3031599,3089414,3068131,3073480,3051980,3090911,3018156,3015332,3078592,3107216,3062382,3077075,3070122
48,2991648,3037929,3040269,3078715,2999855,2990597,3034830,3004783,3030582,3065669,3013282,3009007,3021773,3011864,3000395,3012406,3034308,2982143,3007173,2976366,3065068,3060541,3034776,3007902,3000645,3061581,3008449,3044887,3023076,3049417,3037769,3063393,3047581,3019999,3027921,3022042,3020088,3053368,3020791,3063097,3030440,3025620,3064532,3040598,3004370,2974094,3051790,13258105,0,22596675,3045299,3006263,3034631,3015715,2988824,3012212,3019040,2986796,2978937,3003984,3056285,3038476,3045385,3022527,3049872,2989102,2983122,3040868,3070730,3029571,3036236,3037231
49,3048534,3090682,3091483,3122481,3050350,3032741,3098709,3055399,3086351,3122096,3065492,3058082,3069372,3059283,3050892,3063141,3077352,3032277,3051334,3024842,3118181,3115192,3080958,3058578,3059132,3113216,3059065,3104211,3073870,3086189,3088924,3106918,3103710,3078846,3086766,3079228,3064431,3103165,3063537,3106559,3081535,3076592,3116166,3091813,3053087,3024108,3103185,3093283,22596675,0,23971286,3056878,3093716,3059938,3039139,3070937,3069775,3027224,3024158,3048027,3107799,3091169,3091746,3070126,3101265,3040895,3033256,3092083,3122485,3080606,3087331,3088387
50,3019424,3066057,3068428,3099173,3027631,3016582,3074113,3034222,3072997,3090855,3037923,3043269,3043318,3031714,3028171,3040310,3054380,3009726,3034983,3002320,3086996,3098417,3058015,3042167,3028421,3097955,3036288,3073110,3043022,3063163,3069093,3088518,3079003,3047967,3052694,3049978,3041602,3080027,3040705,3083395,3066526,3061639,3092915,3070358,3035247,3014397,3083242,3070199,3045299,23971286,0,17670909,3062726,3037163,3016503,3040115,3042150,3012721,3001664,3025335,3084603,3063377,3068717,3047266,3078127,3013521,3017097,3069028,3099178,3057635,3072321,3065358
51,2988486,3034723,3037058,3075468,2996693,2987458,3033226,3001613,3035379,3067223,3006913,3012223,3012199,3000704,2997233,3009228,3023118,2979003,2999211,2971633,3053850,3063706,3026789,3006326,2997487,3066333,3005278,3041668,3011903,3031829,3034563,3060164,3044363,3024803,3026333,3018859,3010518,3048548,3009623,3051879,3027239,3022425,3061293,3037388,2994828,2978953,3048568,3038793,3006263,3056878,17670909,0,9090490,3006153,2985674,3009035,3011069,2974079,2980601,3000826,3053053,3048058,3037385,3024139,3046648,2982764,2981582,3037658,3075474,3026373,3041023,3034024
52,3024746,3063346,3065713,3096422,3024964,3015537,3068211,3037938,3063906,3104095,3035248,3032601,3040629,3037028,3025504,3037628,3051680,3007082,3025917,2999680,3082664,3082901,3056914,3033096,3025755,3088820,3047996,3070387,3041934,3060452,3064784,3080988,3073082,3045278,3054796,3047290,3038917,3077299,3038023,3080661,3055829,3060538,3090173,3066045,3023003,2998978,3078917,3067480,3034631,3093716,3062726,9090490,0,13266130,3013848,3045423,3039469,3002094,2999028,3022672,3089858,3060669,3066007,3050973,3084987,3010874,3008062,3066314,3096428,3054933,3061625,3062648
53,2991546,3037784,3040120,3070538,3015733,2987322,3034691,3004673,3030449,3062294,3025953,3007293,3015258,3003766,3000293,3012288,3027777,2988455,3000673,2982683,3056910,3065168,3036242,3015779,3008533,3069393,3008339,3051120,3027747,3034889,3044016,3055233,3047423,3027864,3021405,3021919,3013580,3051609,3012683,3059735,3030299,3036671,3064353,3040448,2997890,2974023,3058020,3043455,3015715,3059938,3037163,3006153,13266130,0,23988053,3012095,3022118,2977138,2974074,2997494,3056113,3035140,3040443,3019209,3049709,2993813,2983043,3040718,3075338,3029435,3045681,3043477
54,2971106,3025114,3019438,3049678,2987304,2965404,3014048,2984195,3014643,3044669,2989493,2986793,2994718,2988077,2983051,3007749,3013548,2961743,2986605,2954394,3036128,3044409,3009248,2993682,2980104,3040585,2987860,3024009,2997621,3020621,3016963,3034453,3034693,2999316,3000843,3001378,2993059,3030869,2992164,3045364,3009658,3008079,3043536,3026160,2977508,2961734,3030889,3021153,2988824,3039139,3016503,2985674,3013848,23988053,0,19513719,2993610,2956858,2953793,2977073,3035334,3014498,3019786,3005060,3036959,2973473,2973909,3024832,3052881,3008813,3015454,3032404
55,2994409,3040736,3051068,3073571,3010607,2985344,3037634,3007553,3033376,3071701,3030431,3010181,3018162,3006643,3003157,3023176,3029115,2992869,3005143,2977501,3059909,3060170,3032777,3020264,3019389,3064419,3019210,3047705,3017868,3039439,3040577,3058234,3050400,3022786,3032305,3024823,3022866,3056190,3023569,3057931,3033243,3028412,3075359,3045008,3008718,2976823,3054613,3052814,3012212,3070937,3040115,3009035,3045423,3012095,19513719,0,7855904,2979938,2981667,3003546,3059113,3039680,3049789,3023712,3052693,2988647,2989055,3048473,3073575,3032370,3039038,3040036
56,2996444,3042770,3046711,3075606,3004654,2987379,3055647,3009589,3035412,3068944,3014890,3015412,3020198,3008678,3005193,3025210,3031150,2986914,3005581,2979536,3085916,3062205,3034811,3012712,3013434,3066455,3021243,3049740,3019902,3039876,3042610,3060269,3052434,3024821,3050320,3034850,3018509,3056627,3017615,3079142,3040071,3030446,3069407,3053433,3002763,2986848,3056647,3046856,3019040,3069775,3042150,3011069,3039469,3022118,2993610,7855904,0,13198826,2986898,3002386,3077129,3040118,3045432,3024147,3054727,2990683,2987894,3045714,3075614,3042394,3041072,3042072
57,2973932,3006946,3014035,3045693,2967758,2953969,3002293,2972598,2998135,3035931,2977898,2987963,2991053,2971690,2976288,2980133,2993824,2955103,2978229,2942978,3024234,3024543,2997533,2975673,2968549,3028650,2984255,3012173,2982769,3002454,3013178,3022559,3014869,2987638,2989168,2997715,2989413,3019013,2980528,3022304,2997904,2999560,3033196,3017563,2972405,2948741,3028622,3009340,2986796,3027224,3012721,2974079,3002094,2977138,2956858,2979938,13198826,0,22356515,2965539,3026634,3002744,3008008,2987013,3017113,2954028,2951289,3008244,3037710,2997078,3003699,3009443
58,2956486,3002283,3004578,3042629,2964693,2952502,2999229,2969533,2995068,3026474,2974834,2972113,2979998,2968623,2965233,2977068,2990758,2947243,2983151,2939913,3021168,3021478,2994468,2972609,2970278,3033573,2973198,3009108,2979704,2999388,3005320,3032277,3011804,2984575,2986103,2986658,2986349,3015948,2985453,3019239,2994838,2994897,3028533,3004909,2962949,2939283,3015968,3006273,2978937,3024158,3001664,2980601,2999028,2974074,2953793,2981667,2986898,22356515,0,24620636,3025167,2999678,3004943,2983949,3014049,2950963,2956213,3005178,3042633,2994013,3000633,3006378
59,2979850,3025955,3028278,3058591,2988057,2970904,3022873,2992953,3018657,3050369,3019028,2995562,3003503,2992043,2988597,3000545,3022366,2970439,2988965,2963081,3045011,3045291,3018056,3004046,3000036,3049481,2996618,3040854,3003207,3023061,3025795,3043334,3043550,3008106,3009636,3010162,3001834,3054114,3000939,3043051,3034463,3031270,3054030,3028608,2986229,2970414,3039753,3031599,3003984,3048027,3025335,3000826,3022672,2997494,2977073,3003546,3002386,2965539,24620636,0,18917273,3031312,3033410,3010649,3044224,2974188,2979409,3028879,3058596,3032011,3024277,3025256
60,3038325,3085223,3095608,3118578,3046533,3028949,3082068,3051573,3082502,3121400,3068060,3054254,3062338,3050663,3055063,3067298,3089479,3028484,3047515,3021054,3104710,3108114,3081902,3061140,3048922,3109323,3055238,3092348,3062043,3082328,3085065,3107828,3098240,3067014,3068543,3068998,3060598,3100886,3059704,3110669,3077678,3072743,3120264,3087949,3044488,3020324,3099309,3089414,3056285,3107799,3084603,3053053,3089858,3056113,3035334,3059113,3077129,3026634,3025167,18917273,0,6844108,3087883,3066288,3098986,3032304,3029464,3088218,3118583,3086341,3083473,3084524
61,3033386,3063996,3066364,3097072,3025614,3008197,3062467,3030598,3056566,3088763,3043889,3033250,3049269,3029688,3032546,3039875,3055523,3014125,3026567,3000330,3091303,3083551,3063955,3033745,3034394,3087872,3034263,3071037,3040984,3062699,3063837,3081638,3073732,3045927,3047456,3047940,3039567,3077949,3038672,3082911,3064470,3051602,3090822,3068291,3030045,2999628,3077969,3068131,3038476,3091169,3063377,3048058,3060669,3035140,3014498,3039680,3040118,3002744,2999678,3031312,6844108,0,13282310,3053219,3076051,3011525,3008712,3066963,3097076,3055582,3062274,3063297
62,3022705,3069338,3071708,3102455,3030912,3013471,3072599,3043893,3061896,3094137,3041203,3046550,3046596,3042983,3031451,3043590,3064054,3020995,3038259,3015187,3096669,3088914,3069286,3039054,3039694,3093245,3044363,3087576,3054293,3072835,3069177,3094994,3087075,3051248,3052777,3053258,3044880,3083307,3043987,3097861,3061817,3061723,3096195,3072038,3028938,3017678,3083329,3073480,3045385,3091746,3068717,3037385,3066007,3040443,3019786,3049789,3045432,3008008,3004943,3033410,3087883,13282310,0,25059079,3081409,3032781,3025172,3077102,3102458,3060915,3075601,3076629
63,3001517,3047887,3050233,3087153,3009724,2992428,3044779,3022658,3040518,3072493,3019970,3025292,3025291,3013758,3010264,3022309,3036258,2991964,3010657,2992570,3067083,3083321,3039917,3017796,3018505,3079593,3018333,3062857,3024994,3044992,3047726,3073398,3057563,3029916,3039438,3031951,3023598,3061760,3038683,3068298,3048380,3046736,3074553,3063348,3007823,2987094,3061779,3051980,3022527,3070126,3047266,3024139,3050973,3019209,3005060,3023712,3024147,2987013,2983949,3010649,3066288,3053219,25059079,0,20336907,2995735,2992943,3050833,3093550,3041111,3046185,3047188
64,3039928,3078746,3081133,3113621,3040145,3022607,3083589,3046766,3077647,3103673,3058462,3047840,3055909,3044259,3047076,3054486,3067038,3022144,3047509,3016318,3114163,3106392,3070655,3048336,3040935,3102783,3048835,3085847,3063604,3075852,3078586,3104498,3096534,3060577,3070096,3062570,3054178,3092781,3062872,3102555,3071209,3066293,3105732,3084659,3046113,3013998,3092800,3090911,3049872,3101265,3078127,3046648,3084987,3049709,3036959,3052693,3054727,3017113,3014049,3044224,3098986,3076051,3081409,20336907,0,9019468,3040701,3086528,3113624,3070293,3084994,3078048
65,2968211,3022131,3018046,3060998,2981213,2968952,3012672,2981283,3006890,3038428,2986586,2983876,2991784,2980374,2976959,2988842,3002593,2958900,2977311,2951555,3033099,3044582,3011085,2984371,2978809,3039135,3000928,3021002,2991490,3019237,3013981,3031423,3023698,3004361,2999500,3012827,2991731,3043835,2989238,3032754,3006684,3001925,3040488,3016779,2982628,2950915,3027875,3018156,2989102,3040895,3013521,2982764,3010874,2993813,2973473,2988647,2990683,2954028,2950963,2974188,3032304,3011525,3032781,2995735,9019468,0,13175049,3017048,3046621,3005848,3012480,3013444
66,2965439,3011325,3021618,3059740,2973648,2956615,3008262,2978503,3004086,3035580,2983804,2981091,2988992,2977594,2974187,2986055,2999784,2956150,2974536,2948811,3030259,3030562,3003486,2981587,2988819,3041081,2982168,3018174,2996687,3008430,3011166,3028584,3020869,3004761,2995106,2995652,2993736,3025022,2986449,3034713,3003872,2999121,3037639,3013958,2971878,2948173,3025042,3015332,2983122,3033256,3017097,2981582,3008062,2983043,2973909,2989055,2987894,2951289,2956213,2979409,3029464,3008712,3025172,2992943,3040701,13175049,0,22415096,3043765,3003039,3009667,3010629
67,3022970,3069648,3072023,3102803,3031178,3013713,3066513,3036178,3062193,3094478,3049469,3038838,3046883,3035268,3031720,3043873,3057964,3013250,3040129,3005838,3089014,3102028,3071182,3050520,3031968,3098382,3047834,3076715,3054578,3066753,3069488,3087338,3079408,3064324,3053069,3053545,3053153,3083634,3045867,3093395,3062123,3065218,3096538,3080344,3029195,3005128,3083654,3078592,3040868,3092083,3069028,3037658,3066314,3040718,3024832,3048473,3045714,3008244,3005178,3028879,3088218,3066963,3077102,3050833,3086528,3017048,22415096,0,24006838,3069209,3067918,3073743
68,3052725,3099797,3102208,3139707,3078509,3059233,3104616,3066004,3098627,3124916,3071303,3076689,3076817,3065093,3061471,3088152,3088040,3042786,3061928,3035339,3120979,3129161,3094831,3077184,3069713,3127222,3069669,3114961,3076524,3096903,3107627,3117706,3109665,3089499,3083037,3089868,3075060,3113926,3074165,3125324,3092236,3087270,3126975,3110532,3058839,3042584,3113946,3107216,3070730,3122485,3099178,3075474,3096428,3075338,3052881,3073575,3075614,3037710,3042633,3058596,3118583,3097076,3102458,3093550,3113624,3046621,3043765,24006838,0,19752597,3098032,3102295
