 ,0,1,2,3,4,5,6,7,8,9,10,11,12,13,14,15,16,17,18,19,20,21,22,23,24,25,26,27,28,29,30,31,32,33,34,35,36,37,38,39,40,41,42,43,44,45,46,47,48,49,50,51,52,53,54,55,56,57,58,59,60,61,62,63,64,65,66,67,68,69,70,71
0,0,1487353,1489562,1505668,1469972,1459316,1486176,1472150,1485532,1500787,1473623,1473360,1477886,1474042,1468905,1476638,1483424,1460843,1474654,1459790,1497883,1498248,1484453,1473717,1469013,1500651,1474118,1491740,1477421,1487248,1489041,1499503,1492532,1479487,1479542,1485226,1477346,1494600,1475584,1502496,1486212,1482424,1501350,1489498,1468111,1455415,1494404,1490683,1475202,1503339,1487418,1472658,1488892,1474777,1463540,1475195,1475911,1459614,1457278,1467559,1497163,1491535,1490052,1477806,1495493,1461083,1460102,1490203,1504618,1483589,1488703,1492063
1,1487353,0,1511924,1524954,1488862,1478050,1506836,1491102,1504550,1521645,1494089,1497080,1496892,1491354,1487789,1495592,1502458,1479577,1488736,1476934,1517087,1517448,1503471,1492631,1487831,1521533,1493010,1510932,1497965,1506356,1508162,1517133,1511700,1498449,1500114,1499360,1494714,1513808,1494544,1516872,1505304,1501429,1523830,1508586,1486923,1474123,1516795,1509817,1494116,1519411,1506520,1491580,1504776,1493663,1485524,1494137,1494847,1478292,1475992,1486390,1516415,1505851,1509118,1496758,1513067,1481431,1478854,1509345,1523910,1502659,1506209,1511165
2,1489562,1511924,0,4082492,1491075,1481841,1507455,1493325,1506763,1525478,1496284,1494495,1499117,1495161,1490000,1496207,1504671,1481770,1490939,1477537,1520912,1519679,1505684,1494836,1490020,1522178,1495213,1513171,1498572,1508583,1516784,1519368,1513931,1500654,1500725,1501559,1498529,1516047,1496759,1519093,1507531,1503638,1522877,1510801,1489126,1476318,1515834,1512042,1496322,1521654,1508745,1493793,1506999,1495864,1484523,1497944,1498652,1480477,1478189,1488589,1521854,1508084,1511331,1498965,1515294,1482026,1482651,1511578,1526145,1504884,1508440,1514988
3,1505668,1524954,4082492,0,2520601,1497891,1523897,1510935,1523169,1538886,1511062,1510733,1516833,1517748,1506080,1517231,1521121,1497820,1507167,1493439,1539131,1536203,1522090,1511126,1506386,1538678,1511485,1529503,1514950,1524939,1526696,1537482,1531965,1517076,1518693,1519613,1513109,1534022,1512963,1535747,1523843,1520096,1539377,1527357,1508375,1493852,1532262,1528512,1515807,1538110,1525127,1513131,1523363,1512162,1500679,1512628,1513362,1496543,1495697,1504781,1535070,1524318,1527869,1516915,1531826,1501316,1501819,1527900,1546033,1521178,1526298,1529772
4,1469972,1488862,1491075,2520601,0,1462403,1487649,1473667,1487005,1502260,1475084,1474845,1479395,1473933,1472004,1476529,1484893,1462332,1471341,1458103,1502544,1499725,1485926,1475195,1470470,1502140,1475595,1493241,1478890,1488737,1490538,1500984,1497213,1480952,1481015,1485085,1477245,1496097,1477077,1499159,1487705,1483889,1506035,1490959,1469608,1456916,1497490,1493758,1476679,1501636,1488903,1474155,1487181,1481044,1466619,1479872,1477389,1459497,1458783,1469039,1498660,1488246,1491513,1479279,1495368,1465764,1461603,1491700,1510877,1486680,1488606,1493549
5,1459316,1478050,1481841,1497891,1462403,0,1476921,1462947,1476301,1491424,1464476,1464177,1468655,1463270,1459742,1465841,1474185,1451764,1460706,1447507,1488552,1488917,1476820,1464542,1459894,1491272,1464955,1482409,1469828,1484357,1479750,1488558,1483217,1470288,1471933,1474449,1466541,1485261,1466381,1488391,1478535,1474798,1491971,1480231,1458988,1446348,1485072,1481388,1469223,1490772,1479737,1465073,1478027,1465618,1456031,1466004,1466724,1452165,1448207,1458427,1487800,1477454,1480797,1468611,1484580,1453594,1451011,1480900,1500033,1475924,1477822,1482784
6,1486176,1506836,1507455,1523897,1487649,1476921,0,1489831,1503465,1520538,1491472,1491157,1498847,1490209,1486594,1494443,1501389,1478448,1487629,1475717,1517618,1516329,1502386,1497930,1491628,1521952,1491919,1509709,1498502,1505193,1506962,1515994,1510549,1499002,1499033,1498353,1493529,1512601,1493377,1515844,1504125,1500380,1519455,1507547,1485753,1472944,1514026,1508704,1493023,1523010,1506973,1490399,1506830,1492592,1481229,1493024,1500144,1475605,1474796,1485288,1515204,1504618,1509679,1495679,1515164,1478720,1477671,1508144,1524433,1501482,1506592,1511619
7,1472150,1491102,1493325,1510935,1473667,1462947,1489831,0,4046166,1504478,1477216,1478615,1481611,1476107,1472590,1480309,1487065,1464474,1473499,1460271,1503144,1506731,1489698,1477354,1472588,1505980,1477751,1495481,1481046,1490947,1492760,1501608,1496233,1486302,1483181,1484027,1479439,1498335,1479265,1501341,1489917,1486050,1505081,1493131,1471774,1459068,1498118,1494360,1478839,1503881,1492705,1476341,1490979,1478400,1467163,1478846,1479552,1461619,1460941,1471189,1500906,1490476,1496877,1484637,1497570,1464708,1463763,1493926,1508297,1487290,1490830,1497350
8,1485532,1504550,1506763,1523169,1487005,1476301,1503465,4046166,0,1518220,1490820,1490501,1494987,1489557,1485950,1493783,1500709,1481024,1486981,1473503,1516906,1517219,1501710,1492480,1486191,1519634,1491267,1509009,1497839,1506103,1506274,1518478,1511447,1498335,1496767,1497689,1494467,1511897,1492717,1515135,1503441,1499704,1518736,1508453,1486718,1472332,1511724,1508008,1492367,1519098,1507883,1491345,1504547,1491938,1483793,1492364,1493092,1474995,1474183,1484647,1517688,1503934,1507393,1495015,1512862,1478096,1477051,1507452,1522107,1503998,1504310,1512528
9,1500787,1521645,1525478,1538886,1502260,1491424,1520538,1504478,1518220,0,1506119,1509018,1510352,1504856,1501205,1507528,1519359,1492951,1505454,1488604,1530937,1531228,1520339,1506203,1501445,1533709,1511360,1524572,1510007,1520002,1521771,1530911,1525412,1513722,1512154,1513055,1508212,1527482,1511256,1530742,1522112,1515135,1537604,1522375,1500309,1487411,1527309,1526745,1507688,1534749,1520184,1508242,1521621,1507237,1495786,1507707,1508435,1491670,1489262,1499880,1533318,1519409,1522890,1510380,1526850,1493241,1492174,1522971,1537824,1517853,1519785,1526427
10,1473623,1494089,1496284,1511062,1475084,1464476,1491472,1477216,1490820,1506119,0,1478574,1484598,1477636,1474035,1480241,1488734,1466003,1475084,1461660,1506439,1503550,1491339,1478967,1474341,1509107,1479364,1496926,1482715,1495672,1494233,1503193,1499388,1487999,1484822,1485781,1480912,1499808,1482364,1504692,1491418,1492541,1506610,1494856,1474845,1460513,1501245,1495973,1483648,1505381,1492664,1477814,1490938,1483237,1468748,1485225,1481165,1463204,1462358,1477568,1503977,1495089,1495406,1483083,1502407,1466266,1465209,1498595,1509994,1488791,1492275,1497309
11,1473360,1497080,1494495,1510733,1474845,1464177,1491157,1478615,1490501,1509018,1478574,0,4036433,1477353,1476980,1479961,1488405,1465704,1474775,1464615,1502918,1503259,1492618,1485042,1473958,1505662,1479045,1496703,1482378,1493809,1495590,1502916,1497519,1484456,1484500,1487006,1480657,1501173,1480499,1504342,1491163,1489002,1506361,1494509,1472978,1460246,1500989,1495676,1481733,1505142,1493985,1480751,1490659,1479710,1468431,1480128,1480850,1466074,1462103,1472461,1502150,1491674,1496655,1484355,1498906,1465956,1464945,1495160,1511275,1488534,1492044,1497032
12,1477886,1496892,1499117,1516833,1479395,1468655,1498847,1481611,1494987,1510352,1484598,4036433,0,2211010,1478322,1484479,1492883,1470182,1479257,1467551,1509014,1509387,1493908,1483128,1479962,1510240,1485117,1501297,1486840,1496757,1498562,1507462,1502065,1492106,1488977,1489833,1485199,1504161,1486627,1507213,1497315,1493464,1510939,1498975,1477492,1464752,1503952,1500194,1486211,1512924,1496921,1482089,1495189,1484172,1472897,1484622,1485332,1468921,1466621,1476935,1506744,1497862,1499519,1487231,1503420,1470426,1469459,1499734,1514191,1493084,1496622,1504762
13,1474042,1491354,1495161,1517748,1473933,1463270,1490209,1476107,1489557,1504856,1477636,1477353,2211010,0,1477664,1479033,1487457,1464796,1473849,1460523,1505148,1502301,1488478,1477718,1476218,1504704,1479713,1498957,1481438,1492867,1494652,1501958,1496569,1483512,1483559,1484461,1479733,1498629,1479573,1501775,1491823,1486456,1507001,1493551,1472068,1459348,1498440,1494724,1482399,1504188,1491443,1476635,1491315,1478779,1470709,1479196,1479916,1461969,1461207,1471539,1501200,1490742,1495699,1481819,1497948,1465044,1464043,1494220,1508703,1487598,1491110,1497686
14,1468905,1487789,1490000,1506080,1472004,1459742,1486594,1472590,1485950,1501205,1474035,1476980,1478322,1477664,0,1475466,1483840,1464465,1471880,1457030,1498297,1498668,1488068,1474137,1471021,1502675,1474538,1492172,1479435,1487674,1489471,1498327,1492956,1479901,1483156,1480842,1476178,1495030,1476012,1498112,1486640,1486033,1501776,1489910,1468541,1455847,1494829,1491103,1475622,1500571,1487842,1473088,1486120,1475195,1463963,1475617,1476331,1461634,1457712,1467980,1499191,1488773,1490464,1478224,1495911,1461507,1460534,1490633,1505032,1484018,1487537,1492487
15,1476638,1495592,1496207,1517231,1476529,1465841,1494443,1480309,1493783,1507528,1480241,1479961,1484479,1479033,1475466,0,1490089,1467368,1476449,1463091,1504616,1504961,1491106,1481924,1475618,1507376,1480719,1498413,1484054,1495507,1495694,1504622,1499221,1486132,1489375,1487077,1483943,1501285,1482185,1504435,1492861,1492280,1508075,1496195,1477848,1461912,1501096,1498970,1481811,1506856,1494083,1479239,1492353,1481382,1474891,1483407,1485725,1464533,1463771,1474131,1507060,1493378,1496741,1484435,1500604,1467620,1466615,1496864,1516177,1490231,1493746,1498728
16,1483424,1502458,1504671,1521121,1484893,1474185,1501389,1487065,1500709,1519359,1488734,1488405,1492883,1487457,1483840,1490089,0,4029519,1484883,1471376,1514848,1515153,1502826,1488790,1485700,1517568,1490771,1511721,1492558,1502423,1505786,1514814,1507775,1494656,1494683,1495611,1490770,1509819,1493815,1513079,1501355,1497628,1519865,1507985,1486202,1471804,1512846,1510730,1493472,1515430,1502607,1487643,1500867,1489846,1481687,1490272,1491002,1472877,1472055,1484143,1517212,1501842,1506925,1492929,1509198,1475984,1474929,1505368,1520057,1498714,1503818,1507253
17,1460843,1479577,1481770,1497820,1462332,1451764,1478448,1464474,1481024,1492951,1466003,1465704,1470182,1464796,1464465,1467368,4029519,0,1462232,1449034,1494873,1493640,1476749,1466069,1461421,1494397,1466482,1483936,1469757,1479492,1484473,1493281,1484744,1471815,1471862,1474378,1468068,1486788,1467908,1489918,1483258,1474728,1493498,1486553,1460515,1447875,1486599,1486111,1467554,1492299,1479666,1465002,1477956,1468743,1455960,1469129,1468251,1453692,1449734,1459954,1489328,1480579,1485520,1470139,1486108,1453523,1452538,1482428,1496766,1477451,1482545,1484311
18,1474654,1488736,1490939,1507167,1471341,1460706,1487629,1473499,1486981,1505454,1475084,1474775,1479257,1473849,1471880,1476449,1484883,1462232,0,1457941,1499366,1501303,1485902,1475148,1470478,1502090,1477146,1493146,1478872,1490269,1490448,1499356,1495567,1487340,1480987,1481907,1477141,1496015,1476985,1499200,1487625,1483888,1504387,1494175,1469490,1461570,1499030,1492134,1476633,1501572,1490448,1474047,1487125,1476214,1464951,1478218,1477344,1462613,1461827,1468973,1498582,1488130,1493129,1479249,1498554,1462482,1461467,1493210,1506109,1485000,1488502,1493494
19,1459790,1476934,1477537,1493439,1458103,1447507,1475717,1460271,1473503,1488604,1461660,1464615,1467551,1460523,1457030,1463091,1471376,1449034,1457941,0,1485716,1486113,1472424,1461765,1457072,1488492,1462179,1479669,1465428,1475201,1477006,1487360,1482035,1467474,1467541,1471617,1465409,1484107,1463641,1485537,1474185,1470382,1489191,1477395,1456272,1443652,1488692,1478590,1464847,1488004,1475365,1460749,1473657,1466028,1451677,1463234,1463944,1446223,1445521,1455667,1485044,1474732,1479561,1467417,1481768,1449254,1448311,1478154,1492395,1471576,1475090,1480010
20,1497883,1517087,1520912,1539131,1502544,1488552,1517618,1503144,1516906,1530937,1506439,1502918,1509014,1505148,1498297,1504616,1514848,1494873,1499366,1485716,0,4082260,1514229,1503307,1500179,1530737,1505272,1521608,1507111,1517062,1518823,1527955,1522464,1509227,1509250,1513366,1505292,1524518,1505144,1527814,1515976,1512231,1533034,1519458,1497417,1484535,1524353,1520613,1506390,1533375,1517248,1502134,1515492,1504350,1492910,1504803,1513526,1487216,1486382,1496996,1527149,1518055,1521576,1507480,1528703,1490369,1489290,1520020,1534869,1516515,1516837,1521893
21,1498248,1517448,1519679,1536203,1499725,1488917,1516329,1506731,1517219,1531228,1503550,1503259,1509387,1502301,1498668,1504961,1515153,1493640,1501303,1486113,4082260,0,2991826,1505234,1498886,1531052,1507202,1523549,1507424,1517393,1519166,1528263,1522783,1509532,1509567,1510465,1508845,1524853,1505495,1528087,1516315,1512533,1531751,1519745,1497788,1484922,1524676,1520922,1505121,1532100,1519172,1505691,1515819,1506272,1494855,1505136,1505862,1487573,1486775,1497339,1530676,1516814,1520267,1512593,1525806,1493922,1489673,1523556,1538339,1513660,1517188,1522218
22,1484453,1503471,1505684,1522090,1485926,1476820,1502386,1489698,1501710,1520339,1491339,1492618,1493908,1488478,1488068,1491106,1502826,1476749,1485902,1472424,1514229,2991826,0,1489803,1485111,1516957,1490189,1507930,1493563,1503426,1505195,1514203,1508770,1497255,1498884,1496610,1491790,1510818,1493236,1515654,1505558,1498625,1519254,1505776,1485639,1471253,1510646,1506930,1492886,1516421,1503608,1488668,1503468,1492457,1479518,1491285,1492013,1473914,1473104,1483568,1513413,1504453,1509510,1493936,1510185,1478615,1475972,1509569,1521028,1502919,1504829,1509851
23,1473717,1492631,1494836,1511126,1475195,1464542,1497930,1477354,1492480,1506203,1478967,1485042,1483128,1477718,1474137,1481924,1488790,1466069,1475148,1461765,1503307,1505234,1489803,0,1474355,1506027,1479422,1497056,1484362,1492576,1495947,1504887,1497888,1484845,1484880,1485804,1484210,1499932,1480860,1506336,1491524,1487793,1508324,1496500,1474933,1460599,1499755,1496053,1480512,1505503,1495952,1477912,1491028,1483287,1470402,1482099,1481227,1463250,1462453,1476030,1504105,1492023,1495450,1483138,1499287,1466325,1465299,1498713,1513262,1488895,1492398,1497401
24,1469013,1487831,1490020,1506386,1470470,1459894,1491628,1472588,1486191,1501445,1474341,1473958,1479962,1476218,1471021,1475618,1485700,1461421,1470478,1457072,1500179,1498886,1485111,1474355,0,1504425,1474756,1492258,1478099,1487826,1489579,1501719,1496326,1480185,1480200,1481171,1476286,1496736,1476142,1498441,1486770,1484719,1501928,1490216,1468649,1455933,1496579,1491321,1475840,1502299,1488016,1473198,1486294,1477033,1464158,1479009,1479746,1458634,1460972,1469775,1497701,1490435,1492368,1481661,1494553,1463279,1465414,1490741,1506914,1484147,1487623,1492661
25,1500651,1521533,1522178,1538678,1502140,1491272,1521952,1505980,1519634,1533709,1509107,1505662,1510240,1504704,1502675,1507376,1517568,1494397,1502090,1488492,1530737,1531052,1516957,1506027,1504425,0,4060083,1524444,1509815,1519850,1521635,1530743,1525252,1511923,1511970,1512838,1508076,1527346,1507916,1532124,1520371,1518131,1534256,1522166,1501771,1487283,1527157,1523373,1507512,1533007,1521622,1506508,1518264,1508651,1495618,1507539,1508260,1489904,1492338,1499712,1529985,1519289,1522682,1513392,1526665,1493081,1493644,1524433,1537624,1516111,1519657,1527865
26,1474118,1493010,1495213,1511485,1475595,1464955,1491919,1477751,1491267,1511360,1479364,1479045,1485117,1479713,1474538,1480719,1490771,1466482,1477146,1462179,1505272,1507202,1490189,1479422,1474756,4060083,0,1497429,1487948,1494553,1497924,1503656,1498261,1486832,1485269,1489391,1481408,1500303,1481253,1503509,1491905,1488178,1507089,1495279,1473742,1461016,1503322,1496428,1480907,1505869,1493135,1478309,1496203,1480488,1469212,1484090,1483218,1465266,1462869,1473237,1502874,1492404,1499025,1483529,1499658,1473128,1465711,1497492,1510425,1490876,1492778,1499378
27,1491740,1510932,1513171,1529503,1493241,1482409,1509709,1495481,1509009,1524572,1496926,1496703,1501297,1498957,1492172,1498413,1511721,1483936,1493146,1479669,1521608,1523549,1507930,1497056,1492258,1524444,1497429,0,1500812,1510817,1512614,1521638,1516183,1507698,1502963,1503817,1499125,1521481,1498959,1522993,1511353,1505896,1525143,1513081,1491292,1478458,1519682,1515900,1498541,1525508,1510985,1495979,1509235,1501282,1486713,1498564,1499278,1481049,1480323,1492385,1520904,1510290,1516803,1502797,1517568,1484202,1483201,1513804,1530053,1507104,1510652,1515630
28,1477421,1497965,1498572,1514950,1478890,1469828,1498502,1481046,1497839,1510007,1482715,1482378,1486840,1481438,1479435,1484054,1492558,1469757,1478872,1465428,1507111,1507424,1493563,1484362,1478099,1509815,1487948,1500812,0,1499528,1501293,1507077,1504856,1488605,1488632,1489568,1484735,1505294,1484585,1510144,1495272,1494757,1510514,1498690,1477027,1464267,1506724,1501427,1487444,1510881,1496516,1481624,1494784,1488621,1472512,1484237,1484967,1466938,1466116,1476550,1506279,1495759,1500833,1486886,1504673,1470021,1470572,1500867,1513887,1492639,1496137,1504357
29,1487248,1506356,1508583,1524939,1488737,1484357,1505193,1490947,1506103,1520002,1495672,1493809,1496757,1492867,1487674,1495507,1502423,1479492,1490269,1475201,1517062,1517393,1503426,1492576,1487826,1519850,1494553,1510817,1499528,0,4061871,1517068,1511625,1498424,1498472,1504151,1494609,1516899,1497645,1516868,1505209,1503002,1520549,1508571,1486818,1475606,1513514,1511360,1497257,1519316,1506445,1491475,1504701,1493618,1485459,1494072,1494792,1476629,1475867,1486325,1516310,1507324,1510701,1496714,1513022,1481356,1478739,1509240,1523885,1502564,1506094,1511090
30,1489041,1508162,1516784,1526696,1490538,1479750,1506962,1492760,1506274,1521771,1494233,1495590,1498562,1494652,1489471,1495694,1505786,1484473,1490448,1477006,1518823,1519166,1505195,1495947,1489579,1521635,1497924,1512614,1501293,4061871,0,2294717,1513406,1500185,1500240,1505902,1501196,1515496,1496238,1518620,1506998,1503166,1522334,1510328,1488611,1477403,1515299,1511536,1495834,1521105,1508226,1493268,1506482,1496985,1484040,1495849,1496565,1481602,1477668,1488102,1518103,1507527,1510860,1498482,1514791,1481539,1480536,1511033,1527244,1504353,1511087,1512871
31,1499503,1517133,1519368,1537482,1500984,1488558,1515994,1501608,1518478,1530911,1503193,1502916,1507462,1501958,1498327,1504622,1514814,1493281,1499356,1487360,1527955,1528263,1514203,1504887,1501719,1530743,1503656,1521638,1507077,1517068,2294717,0,1525659,1509185,1509224,1510112,1505314,1526138,1505158,1529354,1515991,1512189,1531442,1521006,1497439,1484565,1524359,1520595,1506372,1530193,1518844,1503754,1515490,1504323,1492900,1504793,1505517,1487206,1489616,1496986,1527171,1516495,1521526,1510650,1525481,1490367,1489320,1520041,1534826,1513333,1516867,1521891
32,1492532,1511700,1513931,1531965,1497213,1483217,1510549,1496233,1511447,1525412,1499388,1497519,1502065,1496569,1492956,1499221,1507775,1484744,1495567,1482035,1522464,1522783,1508770,1497888,1496326,1525252,1498261,1516183,1504856,1511625,1513406,1525659,0,1503760,1503803,1507885,1499917,1519077,1502955,1522267,1510556,1508350,1525951,1513946,1492085,1480840,1523686,1518330,1499373,1527906,1511801,1496771,1510051,1498926,1489135,1499388,1500110,1481873,1481099,1494807,1523294,1511066,1516069,1502040,1520006,1485019,1483985,1514596,1529311,1507904,1511436,1516446
33,1479487,1498449,1500654,1517076,1480952,1470288,1499002,1486302,1498335,1513722,1487999,1484456,1492106,1483512,1479901,1486132,1494656,1471815,1487340,1467474,1509227,1509532,1497255,1484845,1480185,1511923,1486832,1507698,1488605,1498424,1500185,1509185,1503760,0,1490722,1493262,1488406,1505792,1486660,1512262,1497360,1493659,1512622,1502397,1479087,1466315,1505627,1503529,1486330,1512986,1498610,1486890,1496876,1487507,1474580,1486319,1487051,1468996,1468162,1478622,1508379,1497842,1501340,1488974,1505183,1473681,1472624,1504556,1519206,1497921,1498221,1504853
34,1479542,1500114,1500725,1518693,1481015,1471933,1499033,1483181,1496767,1512154,1484822,1484500,1488977,1483559,1483156,1489375,1494683,1471862,1480987,1467541,1509250,1509567,1498884,1484880,1480200,1511970,1485269,1502963,1488632,1498472,1500240,1509224,1503803,1490722,0,4045362,1486863,1505847,1486711,1509081,1502205,1493682,1512669,1502415,1479142,1466374,1505674,1505162,1487963,1514634,1500251,1486945,1498517,1485940,1474619,1489554,1491880,1469035,1468225,1478661,1508434,1497904,1501359,1490604,1506812,1472126,1471085,1501414,1516033,1494776,1499878,1506494
35,1485226,1499360,1501559,1519613,1485085,1474449,1498353,1484027,1497689,1513055,1485781,1487006,1489833,1484461,1480842,1487077,1495611,1474378,1481907,1471617,1513366,1510465,1496610,1485804,1481171,1512838,1489391,1503817,1489568,1504151,1505902,1510112,1507885,1493262,4045362,0,1490942,1509903,1489199,1513215,1498289,1497816,1516733,1501755,1480038,1467272,1506550,1504468,1487290,1513899,1499545,1484635,1497814,1486875,1475547,1487272,1489607,1473169,1469115,1479585,1509290,1498758,1502299,1489933,1506122,1476246,1471979,1502280,1518543,1495656,1499142,1508984
36,1477346,1494714,1498529,1513109,1477245,1466541,1493529,1479439,1494467,1508212,1480912,1480657,1485199,1479733,1476178,1483943,1490770,1468068,1477141,1465409,1505292,1508845,1491790,1484210,1476286,1508076,1481408,1499125,1484735,1494609,1501196,1505314,1499917,1488406,1486863,1490942,0,1501993,1482889,1505103,1493565,1489760,1508775,1496867,1478556,1462624,1501796,1499658,1485695,1507560,1494779,1479947,1493049,1482066,1470789,1484098,1483216,1468421,1467683,1474823,1504572,1494094,1497413,1485119,1501288,1468316,1468925,1499170,1512059,1490934,1494458,1499424
37,1494600,1513808,1516047,1534022,1496097,1485261,1512601,1498335,1511897,1527482,1499808,1501173,1504161,1498629,1495030,1501285,1509819,1486788,1496015,1484107,1524518,1524853,1510818,1499932,1496736,1527346,1500303,1521481,1505294,1516899,1515496,1526138,1519077,1505792,1505847,1509903,1501993,0,1503427,1525905,1512637,1508788,1531241,1515983,1497342,1481300,1520978,1518796,1501417,1526808,1513873,1498843,1512121,1500962,1489575,1501440,1502156,1483901,1483163,1498447,1523798,1513166,1516507,1504081,1520471,1491852,1486047,1516689,1531373,1509984,1515128,1518518
38,1475584,1494544,1496759,1512963,1477077,1466381,1493377,1479265,1492717,1511256,1482364,1480499,1486627,1479573,1476012,1482185,1493815,1467908,1476985,1463641,1505144,1505495,1493236,1480860,1476142,1507916,1481253,1498959,1484585,1497645,1496238,1505158,1502955,1486660,1486711,1489199,1482889,1503427,0,4062300,1495001,1489612,1508615,1496721,1475196,1462458,1501636,1497906,1485541,1507398,1494621,1479783,1492891,1481914,1470633,1483942,1483062,1465069,1465917,1474667,1504408,1493926,1497267,1489761,1502734,1468158,1467161,1499006,1511911,1490772,1495890,1499266
39,1502496,1516872,1519093,1535747,1499159,1488391,1515844,1501341,1515135,1530742,1504692,1504342,1507213,1501775,1498112,1504435,1513079,1489918,1499200,1485537,1527814,1528087,1515654,1506336,1498441,1532124,1503509,1522993,1510144,1516868,1518620,1529354,1522267,1512262,1509081,1513215,1505103,1525905,4062300,0,2528291,1512066,1531225,1519289,1498840,1484366,1524150,1520426,1506223,1529966,1517057,1501949,1515303,1504188,1497545,1504630,1513356,1487067,1486209,1496833,1528532,1517846,1521409,1508911,1525320,1491808,1490715,1521412,1537874,1513124,1516632,1521702
40,1486212,1505304,1507531,1523843,1487705,1478535,1504125,1489917,1503441,1522112,1491418,1491163,1497315,1491823,1486640,1492861,1501355,1483258,1487625,1474185,1515976,1516315,1505558,1491524,1486770,1520371,1491905,1511353,1495272,1505209,1506998,1515991,1510556,1497360,1502205,1498289,1493565,1512637,1495001,2528291,0,1503533,1522667,1507493,1485788,1472990,1512444,1508690,1493009,1518242,1508577,1490435,1503639,1492566,1481225,1493020,1493738,1475601,1474851,1490077,1515240,1506272,1508027,1498851,1511944,1478726,1477717,1508180,1522791,1501508,1505040,1510026
41,1482424,1501429,1503638,1520096,1483889,1474798,1500380,1486050,1499704,1515135,1492541,1489002,1493464,1486456,1486033,1492280,1497628,1474728,1483888,1470382,1512231,1512533,1498625,1487793,1484719,1518131,1488178,1505896,1494757,1503002,1503166,1512189,1508350,1493659,1493682,1497816,1489760,1508788,1489612,1512066,1503533,0,1518830,1505380,1482011,1469219,1508624,1506517,1489279,1514395,1504786,1486638,1503048,1492049,1477504,1489271,1490003,1473498,1471066,1486348,1511383,1500817,1505918,1493528,1508179,1474999,1473938,1507539,1519030,1497697,1501197,1506235
42,1501350,1523830,1522877,1539377,1506035,1491971,1519455,1505081,1518736,1537604,1506610,1506361,1510939,1507001,1501776,1508075,1519865,1493498,1504387,1489191,1533034,1531751,1519254,1508324,1501928,1534256,1507089,1525143,1510514,1520549,1522334,1531442,1525951,1512622,1512669,1516733,1508775,1531241,1508615,1531225,1522667,1518830,0,1522865,1500873,1487982,1527856,1524072,1508211,1533706,1520723,1505609,1518963,1507752,1496318,1511434,1508958,1490603,1489841,1500411,1532282,1519988,1523381,1510895,1527364,1493781,1492745,1523534,1538323,1520006,1520356,1530162
43,1489498,1508586,1510801,1527357,1490959,1480231,1507547,1493131,1508453,1522375,1494856,1494509,1498975,1493551,1489910,1496195,1507985,1486553,1494175,1477395,1519458,1519745,1505776,1496500,1490216,1522166,1495279,1513081,1498690,1508571,1510328,1521006,1513946,1502397,1502415,1501755,1496867,1515983,1496721,1519289,1507493,1505380,1522865,0,4044531,1477826,1515822,1520098,1496387,1521616,1508759,1493729,1507013,1495956,1486161,1496386,1498718,1482115,1478073,1488629,1518594,1507968,1511501,1502253,1516984,1482040,1480963,1514710,1527888,1504846,1511546,1513404
44,1468111,1486923,1489126,1508375,1469608,1458988,1485753,1471774,1486718,1500309,1474845,1472978,1477492,1472068,1468541,1477848,1486202,1460515,1469490,1456272,1497417,1497788,1485639,1474933,1468649,1501771,1473742,1491292,1477027,1486818,1488611,1497439,1492085,1479087,1479142,1480038,1478556,1497342,1475196,1498840,1485788,1482011,1500873,4044531,0,1455099,1493949,1490241,1476418,1502867,1488586,1472282,1485272,1474401,1463194,1478003,1475523,1459298,1456962,1467200,1496697,1487915,1489622,1477412,1496637,1462347,1459774,1489767,1504128,1484769,1486681,1491633
45,1455415,1474123,1476318,1493852,1456916,1446348,1472944,1459068,1472332,1487411,1460513,1460246,1464752,1459348,1455847,1461912,1471804,1447875,1461570,1443652,1484535,1484922,1471253,1460599,1455933,1487283,1461016,1478458,1464267,1475606,1477403,1484565,1480840,1466315,1466374,1467272,1462624,1481300,1462458,1484366,1472990,1469219,1487982,1477826,1455099,0,1481099,1477405,1462084,1486793,1478970,1462762,1472470,1461673,1452118,1462063,1465973,1445076,1444350,1456105,1483831,1473525,1481592,1464654,1480583,1448097,1447140,1476951,1492804,1471981,1473887,1478821
46,1494404,1516795,1515834,1532262,1497490,1485072,1514026,1498118,1511724,1527309,1501245,1500989,1503952,1498440,1494829,1501096,1512846,1486599,1499030,1488692,1524353,1524676,1510646,1499755,1496579,1527157,1503322,1519682,1506724,1513514,1515299,1524359,1523686,1505627,1505674,1506550,1501796,1520978,1501636,1524150,1512444,1508624,1527856,1515822,1493949,1481099,0,1518619,1501240,1526615,1513688,1498646,1513534,1502387,1489394,1501259,1501979,1486916,1482958,1493472,1523601,1512961,1516346,1503908,1520297,1486873,1485846,1516491,1531208,1509791,1513329,1518333
47,1490683,1509817,1512042,1528512,1493758,1481388,1508704,1494360,1508008,1526745,1495973,1495676,1500194,1494724,1491103,1498970,1510730,1486111,1492134,1478590,1520613,1520922,1506930,1496053,1491321,1523373,1496428,1515900,1501427,1511360,1511536,1520595,1518330,1503529,1505162,1504468,1499658,1518796,1497906,1520426,1508690,1506517,1524072,1520098,1490241,1477405,1518619,0,4051701,1522829,1509942,1494918,1508194,1497097,1485710,1499145,1498273,1480056,1479258,1489780,1519814,1509189,1512636,1500204,1518151,1483191,1482144,1515919,1527452,1506041,1511161,1514587
48,1475202,1494116,1496322,1515807,1476679,1469223,1493023,1478839,1492367,1507688,1483648,1481733,1486211,1482399,1475622,1481811,1493472,1467554,1476633,1464847,1506390,1505121,1492886,1480512,1475840,1507512,1480907,1498541,1487444,1497257,1495834,1506372,1499373,1486330,1487963,1487290,1485695,1501417,1485541,1506223,1493009,1489279,1508211,1496387,1476418,1462084,1501240,4051701,0,2817076,1495839,1479397,1492513,1483174,1470290,1481986,1484310,1466333,1465535,1475917,1503992,1493508,1496935,1486221,1500772,1471006,1466783,1497002,1511552,1490380,1493882,1498887
49,1503339,1519411,1521654,1538110,1501636,1490772,1523010,1503881,1519098,1534749,1505381,1505142,1512924,1504188,1500571,1506856,1515430,1492299,1501572,1488004,1533375,1532100,1516421,1505503,1502299,1533007,1505869,1525508,1510881,1519316,1521105,1530193,1527906,1512986,1514634,1513899,1507560,1526808,1507398,1529966,1518242,1514395,1533706,1521616,1502867,1486793,1526615,1522829,2817076,0,1519488,1504398,1520926,1506529,1495108,1510211,1509331,1489404,1488654,1499198,1529443,1520363,1522134,1509666,1526115,1492577,1491552,1522303,1537058,1515583,1519131,1524134
50,1487418,1506520,1508745,1525127,1488903,1479737,1506973,1492705,1507883,1520184,1492664,1493985,1496921,1491443,1487842,1494083,1502607,1479666,1490448,1475365,1517248,1519172,1503608,1495952,1488016,1521622,1493135,1510985,1496516,1506445,1508226,1518844,1511801,1498610,1500251,1499545,1494779,1513873,1494621,1517057,1508577,1504786,1520723,1508759,1488586,1478970,1513688,1509942,1495839,1519488,0,1491645,1504877,1493800,1482441,1494250,1494972,1478405,1476033,1486503,1516480,1505892,1509291,1496895,1513204,1479934,1482103,1509410,1524071,1502736,1507860,1511266
51,1472658,1491580,1493793,1513131,1474155,1465073,1490399,1476341,1491345,1508242,1477814,1480751,1482089,1476635,1473088,1479239,1487643,1465002,1474047,1460749,1502134,1505691,1488668,1477912,1473198,1506508,1478309,1495979,1481624,1491475,1493268,1503754,1496771,1486890,1486945,1484635,1479947,1498843,1479783,1501949,1490435,1486638,1505609,1493729,1472282,1462762,1498646,1494918,1479397,1504398,1491645,0,1489919,1478968,1467711,1479394,1480111,1462167,1464625,1473335,1501414,1495758,1494279,1483607,1498138,1465246,1464262,1494434,1510483,1487808,1492926,1496290
52,1488892,1504776,1506999,1523363,1487181,1478027,1506830,1490979,1504547,1521621,1490938,1490659,1495189,1491315,1486120,1492353,1500867,1477956,1487125,1473657,1515492,1515819,1503468,1491028,1486294,1518264,1496203,1509235,1494784,1504701,1506482,1515490,1510051,1496876,1498517,1497814,1493049,1512121,1492891,1515303,1503639,1503048,1518963,1507013,1485272,1472470,1513534,1508194,1492513,1520926,1504877,1489919,0,4050846,1480725,1494118,1493242,1475101,1474327,1484783,1517920,1504150,1507547,1496761,1513050,1478222,1477197,1507664,1522307,1500996,1504520,1509522
53,1474777,1493663,1495864,1512162,1481044,1465618,1492592,1478400,1491938,1507237,1483237,1479710,1484172,1478779,1475195,1481382,1489846,1468743,1476214,1466028,1504350,1506272,1492457,1483287,1477033,1508651,1480488,1501282,1488621,1493618,1496985,1504323,1498926,1487507,1485940,1486875,1482066,1500962,1481914,1504188,1492566,1492049,1507752,1495956,1474401,1461673,1502387,1497097,1483174,1506529,1493800,1478968,4050846,0,1469878,1481562,1485485,1464334,1463524,1473904,1503533,1493059,1496506,1484200,1500329,1468999,1466368,1496553,1514296,1489939,1498229,1500043
54,1463540,1485524,1484523,1500679,1466619,1456031,1481229,1467163,1483793,1495786,1468748,1468431,1472897,1470709,1463963,1474891,1481687,1455960,1464951,1451677,1492910,1494855,1479518,1470402,1464158,1495618,1469212,1486713,1472512,1485459,1484040,1492900,1489135,1474580,1474619,1475547,1470789,1489575,1470633,1497545,1481225,1477504,1496318,1486161,1463194,1452118,1489394,1485710,1470290,1495108,1482441,1467711,1480725,1469878,0,1470268,1470993,1453161,1452375,1462661,1492127,1481730,1485123,1476085,1492115,1459398,1461587,1485196,1499622,1478608,1482102,1490282
55,1475195,1494137,1497944,1512628,1479872,1466004,1493024,1478846,1492364,1507707,1485225,1480128,1484622,1479196,1475617,1483407,1490272,1469129,1478218,1463234,1504803,1505136,1491285,1482099,1479009,1507539,1484090,1498564,1484237,1494072,1495849,1504793,1499388,1486319,1489554,1487272,1484098,1501440,1483942,1504630,1493020,1489271,1511434,1496386,1478003,1462063,1501259,1499145,1481986,1510211,1494250,1479394,1494118,1481562,1470268,0,1482703,1464704,1465516,1474302,1504019,1493525,1498530,1484614,1500783,1467787,1466766,1498617,1511570,1490389,1493897,1498895
56,1475911,1494847,1498652,1513362,1477389,1466724,1500144,1479552,1493092,1508435,1481165,1480850,1485332,1479916,1476331,1485725,1491002,1468251,1477344,1463944,1513526,1505862,1492013,1481227,1479746,1508260,1483218,1499278,1484967,1494792,1496565,1505517,1500110,1487051,1491880,1489607,1483216,1502156,1483062,1513356,1493738,1490003,1508958,1498718,1475523,1465973,1501979,1498273,1484310,1509331,1494972,1480111,1493242,1485485,1470993,1482703,0,4019676,1467826,1475026,1509529,1494237,1497666,1485342,1501511,1468509,1467480,1497735,1512303,1494303,1494611,1499617
57,1459614,1478292,1480477,1496543,1459497,1452165,1475605,1461619,1474995,1491670,1463204,1466074,1468921,1461969,1461634,1464533,1472877,1453692,1462613,1446223,1487216,1487573,1473914,1463250,1458634,1489904,1465266,1481049,1466938,1476629,1481602,1487206,1481873,1468996,1469035,1473169,1468421,1483901,1465069,1487067,1475601,1473498,1490603,1482115,1459298,1445076,1486916,1480056,1466333,1489404,1478405,1462167,1475101,1464334,1453161,1464704,4019676,0,2869804,1457147,1486432,1476106,1479489,1467315,1483244,1450728,1449731,1479552,1493887,1472994,1476478,1484648
58,1457278,1475992,1478189,1495697,1458783,1448207,1474796,1460941,1474183,1489262,1462358,1462103,1466621,1461207,1457712,1463771,1472055,1449734,1461827,1445521,1486382,1486775,1473104,1462453,1460972,1492338,1462869,1480323,1466116,1475867,1477668,1489616,1481099,1468162,1468225,1469115,1467683,1483163,1465917,1486209,1474851,1471066,1489841,1478073,1456962,1444350,1482958,1479258,1465535,1488654,1476033,1464625,1474327,1463524,1452375,1465516,1467826,2869804,0,1456361,1487292,1475392,1478643,1466505,1482434,1449954,1450603,1478814,1496249,1472244,1475752,1483874
59,1467559,1486390,1488589,1504781,1469039,1458427,1485288,1471189,1484647,1499880,1477568,1472461,1476935,1471539,1467980,1474131,1484143,1459954,1468973,1455667,1496996,1497339,1483568,1476030,1469775,1499712,1473237,1492385,1476550,1486325,1488102,1496986,1494807,1478622,1478661,1479585,1474823,1498447,1474667,1496833,1490077,1486348,1500411,1488629,1467200,1456105,1493472,1489780,1475917,1499198,1486503,1473335,1484783,1473904,1462661,1474302,1475026,1457147,1456361,0,1496212,1488984,1492381,1476927,1496192,1460200,1462385,1489262,1503723,1484260,1486160,1491148
60,1497163,1516415,1521854,1535070,1498660,1487800,1515204,1500906,1517688,1533318,1503977,1502150,1506744,1501200,1499191,1507060,1517212,1489328,1498582,1485044,1527149,1530676,1513413,1504105,1497701,1529985,1502874,1520904,1506279,1516310,1518103,1527171,1523294,1508379,1508434,1509290,1504572,1523798,1504408,1528532,1515240,1511383,1532282,1518594,1496697,1483831,1523601,1519814,1503992,1529443,1516480,1501414,1517920,1503533,1492127,1504019,1509529,1486432,1487292,1496212,0,1515769,1519114,1506664,1523093,1489601,1488586,1519299,1534020,1515779,1516133,1521125
61,1491535,1505851,1508084,1524318,1488246,1477454,1504618,1490476,1503934,1519409,1495089,1491674,1497862,1490742,1488773,1493378,1501842,1480579,1488130,1474732,1518055,1516814,1504453,1492023,1490435,1519289,1492404,1510290,1495759,1507324,1507527,1516495,1511066,1497842,1497904,1498758,1494094,1513166,1493926,1517846,1506272,1500817,1519988,1507968,1487915,1473525,1512961,1509189,1493508,1520363,1505892,1495758,1504150,1493059,1481730,1493525,1494237,1476106,1475392,1488984,1515769,0,4062561,1497746,1512437,1479237,1478252,1508709,1523272,1502031,1505575,1510537
62,1490052,1509118,1511331,1527869,1491513,1480797,1509679,1496877,1507393,1522890,1495406,1496655,1499519,1495699,1490464,1496741,1506925,1485520,1493129,1479561,1521576,1520267,1509510,1495450,1492368,1522682,1499025,1516803,1500833,1510701,1510860,1521526,1516069,1501340,1501359,1502299,1497413,1516507,1497267,1521409,1508027,1505918,1523381,1511501,1489622,1481592,1516346,1512636,1496935,1522134,1509291,1494279,1507547,1496506,1485123,1498530,1497666,1479489,1478643,1492381,1519114,4062561,0,1502798,1515911,1485800,1483127,1513642,1526801,1505382,1512080,1515534
63,1477806,1496758,1498965,1516915,1479279,1468611,1495679,1484637,1495015,1510380,1483083,1484355,1487231,1481819,1478224,1484435,1492929,1470139,1479249,1467417,1507480,1512593,1493936,1483138,1481661,1513392,1483529,1502797,1486886,1496714,1498482,1510650,1502040,1488974,1490604,1489933,1485119,1504081,1489761,1508911,1498851,1493528,1510895,1502253,1477412,1464654,1503908,1500204,1486221,1509666,1496895,1483607,1496761,1484200,1476085,1484614,1485342,1467315,1466505,1476927,1506664,1497746,1502798,0,1503448,1470400,1469361,1499654,1519049,1493022,1496524,1501540
64,1495493,1513067,1515294,1531826,1495368,1484580,1515164,1497570,1512862,1526850,1502407,1498906,1503420,1497948,1495911,1500604,1509198,1486108,1498554,1481768,1528703,1525806,1510185,1499287,1494553,1526665,1499658,1517568,1504673,1513022,1514791,1525481,1520006,1505183,1506812,1506122,1501288,1520471,1502734,1525320,1511944,1508179,1527364,1516984,1496637,1480583,1520297,1518151,1500772,1526115,1513204,1498138,1513050,1500329,1492115,1500783,1501511,1483244,1482434,1496192,1523093,1512437,1515911,1503448,0,1486389,1493321,1515983,1530764,1509291,1516009,1517849
65,1461083,1481431,1482026,1501316,1465764,1453594,1478720,1464708,1478096,1493241,1466266,1465956,1470426,1465044,1461507,1467620,1475984,1453523,1462482,1449254,1490369,1493922,1478615,1466325,1463279,1493081,1473128,1484202,1470021,1481356,1481539,1490367,1485019,1473681,1472126,1476246,1468316,1491852,1468158,1491808,1478726,1474999,1493781,1482040,1462347,1448097,1486873,1483191,1471006,1492577,1479934,1465246,1478222,1468999,1459398,1467787,1468509,1450728,1449954,1460200,1489601,1479237,1485800,1470400,1486389,0,4006522,1482691,1497064,1476113,1479607,1484579
66,1460102,1478854,1482651,1501819,1461603,1451011,1477671,1463763,1477051,1492174,1465209,1464945,1469459,1464043,1460534,1466615,1474929,1452538,1461467,1448311,1489290,1489673,1475972,1465299,1465414,1493644,1465711,1483201,1470572,1478739,1480536,1489320,1483985,1472624,1471085,1471979,1468925,1486047,1467161,1490715,1477717,1473938,1492745,1480963,1459774,1447140,1485846,1482144,1466783,1491552,1482103,1464262,1477197,1466368,1461587,1466766,1467480,1449731,1450603,1462385,1488586,1478252,1483127,1469361,1493321,4006522,0,2619711,1495977,1475106,1478614,1483552
67,1490203,1509345,1511578,1527900,1491700,1480900,1508144,1493926,1507452,1522971,1498595,1495160,1499734,1494220,1490633,1496864,1505368,1482428,1493210,1478154,1520020,1523556,1509569,1498713,1490741,1524433,1497492,1513804,1500867,1509240,1511033,1520041,1514596,1504556,1501414,1502280,1499170,1516689,1499006,1521412,1508180,1507539,1523534,1514710,1489767,1476951,1516491,1515919,1497002,1522303,1509410,1494434,1507664,1496553,1485196,1498617,1497735,1479552,1478814,1489262,1519299,1508709,1513642,1499654,1515983,1482691,2619711,0,1526850,1508729,1509073,1514055
68,1504618,1523910,1526145,1546033,1510877,1500033,1524433,1508297,1522107,1537824,1509994,1511275,1514191,1508703,1505032,1516177,1520057,1496766,1506109,1492395,1534869,1538339,1521028,1513262,1506914,1537624,1510425,1530053,1513887,1523885,1527244,1534826,1529311,1519206,1516033,1518543,1512059,1531373,1511911,1537874,1522791,1519030,1538323,1527888,1504128,1492804,1531208,1527452,1511552,1537058,1524071,1510483,1522307,1514296,1499622,1511570,1512303,1493887,1496249,1503723,1534020,1523272,1526801,1519049,1530764,1497064,1495977,1526850,0,1523322,1523652,1530314
