 ,0,1,2,3,4,5,6,7,8,9,10,11,12,13,14,15,16,17,18,19,20,21,22,23,24,25,26,27,28,29,30,31,32,33,34,35,36,37,38,39,40,41,42,43,44,45,46,47,48,49,50,51,52,53,54,55,56,57,58,59,60,61,62,63
0,0,5554595,2967332,3013846,2964165,2957225,2992195,2969839,3000595,2961154,2994888,2960437,3042967,2966451,3036130,3073913,2985548,2955812,3104986,2913165,3047262,2952710,2986097,2992638,3198230,2979691,2998540,2925969,3028890,2952652,3076781,3007811,2986154,2956871,3051550,2957416,2983292,2991637,3091741,3031868,2970127,2963710,3000151,3121508,2984297,2961724,2996280,2951421,3081900,2959121,3040444,2988710,3054021,3030260,3015968,3028162,2964102,2979672,3078929,2937662,3051391,3001551,2973199,2992608
1,5554595,0,11080800,3037723,2986083,2979094,3015927,2990185,3022777,2984646,3010606,2983929,3078245,2994786,3056953,3093378,3009233,2979280,3129510,2936321,3076172,2980948,3009782,3016370,3218584,3008121,3022320,2949221,3052861,2979292,3099442,3036433,3004997,2980316,3082083,2980909,3010148,3013746,3125733,3055864,2993691,2982407,3023930,3150922,3007957,2985241,3024830,2974865,3106258,2985809,3067685,3015592,3082980,3039779,3039846,3047316,2987618,3008102,3103259,2956168,3078727,3025332,2996787,3016340
2,2967332,11080800,0,5562353,2953738,2946829,2986419,2957798,2989992,2957135,2977941,2954820,3036950,2957606,3023768,3062990,2981401,2953406,3095486,2907772,3038033,2943929,2977156,2983665,3188315,2970782,2989535,2922111,3024550,2943870,3061063,3001971,2970854,2944894,3042305,2948604,2977563,2981081,3079123,3022719,2961267,2950102,2991145,3118333,2975372,2952895,2987292,2942640,3075707,2956700,3031263,2979770,3044760,3009989,3006900,3014251,2955273,2970763,3069554,2924183,3046940,2992546,2965920,2983635
3,3013846,3037723,5562353,0,9889268,2992951,3029960,3004088,3038440,3004911,3024623,3002596,3081332,3003897,3071179,3106165,3023233,2993136,3148867,2949970,3090462,2989996,3028576,3036795,3235160,3022090,3036385,2962934,3068652,2993133,3112230,3048932,3017367,2990961,3089996,2994781,3024134,3027763,3127429,3079661,3007612,2996280,3039593,3159154,3021942,3003923,3034086,2988706,3123904,3004476,3083524,3034387,3092506,3057120,3053973,3064689,3006301,3017279,3125682,2969913,3089836,3042593,3012322,3030374
4,2964165,2986083,2953738,9889268,0,5501238,2980039,2954647,2988399,2947600,2977958,2951677,3028914,2952857,3022135,3056524,2971834,2942277,3100160,2909479,3033189,2939197,2972383,2983678,3178504,2966017,2984746,2912615,3014935,2939137,3057792,2993977,2970882,2940161,3037456,2947058,2968000,2981099,3074230,3017895,2959709,2945361,2987954,3103818,2975397,2948150,2987300,2945897,3069224,2945567,3026431,2974996,3039907,3001984,3002096,3009435,2950528,2965998,3064673,2919475,3040493,2989355,2959565,2978854
5,2957225,2979094,2946829,2992951,5501238,0,9781806,2949336,2979812,2940707,2967797,2944785,3026614,2945948,3011870,3055765,2969671,2938588,3083336,2897904,3026087,2932319,2968622,2971912,3171057,2959076,2977757,2905802,3007882,2932260,3049045,2986972,2959147,2933284,3030347,2941763,2961052,2969340,3067033,3010833,2952792,2938468,2980965,3101341,2963654,2941250,2975525,2935824,3060445,2938674,3019354,2968039,3037584,2994955,2995073,3002390,2943627,2959057,3057501,2912645,3034983,2983964,2954238,2973479
6,2992195,3015927,2986419,3029960,2980039,9781806,0,5541001,3015047,2981807,3007694,2976295,3059225,2982341,3053937,3091880,3001534,2971653,3121532,2928799,3068330,2968536,3002083,3008656,3210398,2995645,3014590,2944863,3045068,2968478,3086759,3023894,2998912,2969501,3067840,2973274,2997664,3012432,3105011,3048062,2987631,2974773,3019396,3138118,3001865,2977598,3012314,2972041,3103128,2974979,3056670,3004696,3075122,3032008,3032082,3039530,2983174,2995626,3100139,2948598,3072475,3017601,2989121,3011823
7,2969839,2990185,2957798,3004088,2954647,2949336,5541001,0,9981191,2951652,2977252,2950935,3033065,2956918,3027873,3057507,2975918,2946326,3094796,2903887,3038942,2943240,2976467,2982977,3192418,2970094,2993640,2916627,3019067,2943181,3060375,3001281,2970164,2944205,3041616,2947914,2972080,2983588,3086424,3022030,2960577,2949413,2990457,3108056,2974684,2952207,2986602,2941952,3084607,2949619,3035368,2982276,3050465,3007702,3009407,3013562,2954584,2978064,3068866,2923494,3046251,2991857,2963633,2982946
8,3000595,3022777,2989992,3038440,2988399,2979812,3015047,9981191,0,5537771,3009726,2987843,3066179,2989112,3060868,3090902,3013146,2978399,3128630,2935442,3070498,2975274,3008901,3015490,3222498,3005643,3021440,2948342,3055177,2975215,3098562,3035554,3007312,2981033,3074810,2980028,3004474,3014464,3112068,3054985,2992811,2981527,3023051,3142050,3007077,2984360,3019156,2973985,3106975,2981733,3063608,3011514,3077305,3043692,3038964,3046436,2986738,3002428,3105575,2955288,3077847,3029245,2995907,3018656
9,2961154,2984646,2957135,3004911,2947600,2940707,2981807,2951652,5537771,0,9795373,2945495,3029022,2953058,3019060,3053407,2973609,2940892,3089011,2898558,3031695,2937815,2970962,2983847,3192817,2964604,2984907,2917658,3016662,2937756,3059471,2992532,2969469,2938780,3035960,2942474,2969779,2974879,3072690,3016421,2955112,2943972,2984919,3102239,2969186,2946758,2981074,2936527,3067691,2944178,3024949,2973576,3041602,3000528,3003837,3007969,2949135,2964586,3066340,2918117,3035803,2986320,2958160,2982219
10,2994888,3010606,2977941,3024623,2977958,2967797,3007694,2977252,3009726,9795373,0,5526702,3053852,2980256,3043782,3086480,2999425,2966384,3116087,2923582,3058159,2963271,2999974,3009735,3206447,2990348,3009269,2939631,3046106,2963212,3081357,3018566,2993615,2964236,3062459,2972795,2992363,3000732,3104379,3042705,2980748,2969500,3010879,3129460,2994966,2972321,3006997,2966777,3092917,2969706,3051306,2999392,3064943,3026668,3026745,3034181,2974699,2990329,3094727,2943358,3062300,3015476,2985431,3003313
11,2960437,2983929,2954820,3002596,2951677,2944785,2976295,2950935,2987843,2945495,5526702,0,10112269,2950743,3016745,3051092,2969697,2940175,3091490,2897841,3030978,2945088,2970246,2986326,3182512,2963889,2982592,2913745,3014347,2937039,3053960,2991815,2963959,2938063,3043232,2941756,2969062,2974162,3071973,3015706,2954396,2946451,2984202,3101522,2968469,2949236,2980356,2935810,3070170,2946657,3029026,2972858,3037689,2999810,2999924,3007252,2951614,2963868,3062428,2917400,3039877,2985605,2957444,2981502
12,3042967,3078245,3036950,3081332,3028914,3026614,3059225,3033065,3066179,3029022,3053852,10112269,0,5586842,3100875,3136223,3052426,3022005,3174524,2978371,3115508,3018829,3052975,3059668,3266548,3046417,3065723,2991479,3096680,3018769,3139090,3079939,3046488,3019793,3121470,3023686,3048496,3060188,3165692,3099734,3036625,3025185,3067332,3196142,3060687,3028071,3063386,3017540,3154102,3026992,3108463,3055588,3122420,3093028,3083455,3095876,3030448,3046398,3147857,2998530,3126106,3073528,3039773,3059638
13,2966451,2994786,2957606,3003897,2952857,2945948,2982341,2956918,2989112,2953058,2980256,2950743,5586842,0,10295039,3057314,2975726,2946133,3094604,2903695,3041946,2943049,2976275,2982784,3182638,2977892,2991850,2916435,3018875,2942989,3064976,2997894,2973169,2944013,3041424,2947724,2971888,2980200,3078242,3021838,2960385,2949221,2990264,3120648,2974491,2956808,2986411,2941759,3071630,2952623,3030382,2983682,3043879,3005913,3012410,3013370,2954392,2982666,3071869,2923302,3042863,2991665,2966637,2982754
14,3036130,3056953,3023768,3071179,3022135,3011870,3053937,3027873,3060868,3019060,3043782,3016745,3100875,10295039,0,5684388,3042368,3012055,3164046,2973371,3105234,3008891,3047711,3049586,3254161,3036383,3057214,2981637,3091272,3008832,3128745,3065015,3041248,3009856,3109587,3015323,3041647,3046922,3147285,3095912,3028226,3015223,3057226,3184018,3041053,3018096,3053293,3007601,3148503,3015429,3103018,3050325,3112121,3073274,3074898,3084089,3020474,3036365,3137475,2988664,3109427,3058627,3036155,3052752
15,3073913,3093378,3062990,3106165,3056524,3055765,3091880,3057507,3090902,3053407,3086480,3051092,3136223,3057314,5684388,0,10350978,3055952,3204907,3002365,3140621,3043157,3079182,3090727,3296061,3070971,3090443,3015585,3129618,3046294,3164371,3112706,3075837,3044122,3145013,3049669,3073077,3081630,3186348,3129501,3069087,3049571,3092053,3213853,3080476,3052484,3088080,3041868,3176299,3049776,3135090,3081796,3147589,3108302,3111486,3122391,3059657,3070951,3176419,3027485,3151246,3098248,3064270,3084303
16,2985548,3009233,2981401,3023233,2971834,2969671,3001534,2975918,3013146,2973609,2999425,2969697,3052426,2975726,3042368,10350978,0,5519384,3114589,2927107,3056729,2969943,2997019,3001977,3204845,2988998,3007895,2947932,3039906,2961894,3079903,3017182,2989070,2967712,3064221,2966675,2995803,2999369,3098107,3041295,2979410,2968174,3014299,3127946,2993612,2970992,3005627,2960664,3091447,2968380,3049887,2998033,3063506,3025273,3025356,3034377,2973369,2988979,3093260,2942063,3060867,3014102,2982490,3001947
17,2955812,2979280,2953406,2993136,2942277,2938588,2971653,2946326,2978399,2940892,2966384,2940175,3022005,2946133,3012055,3055952,5519384,0,10185948,2893295,3026272,2932504,2965611,2972096,3177634,2959262,2977942,2905987,3008067,2935641,3054024,2990353,2959332,2933469,3032130,2938752,2961236,2972720,3072013,3014214,2949781,2941849,2981151,3099930,2963839,2941434,2978906,2931215,3060631,2938861,3019538,2973019,3039367,2995140,3000054,3002574,2948606,2962438,3057685,2920820,3030374,2980953,2952825,2972066
18,3104986,3129510,3095486,3148867,3100160,3083336,3121532,3094796,3128630,3089011,3116087,3091490,3174524,3094604,3164046,3204907,3114589,10185948,0,5600257,3180566,3080271,3115138,3125172,3333103,3108437,3128173,3052347,3159706,3080212,3202981,3139338,3108507,3081237,3183403,3085273,3110588,3122424,3223623,3167627,3100026,3093165,3129783,3254721,3113190,3092925,3130560,3078982,3215087,3090175,3171707,3117752,3190817,3146252,3166968,3154037,3093705,3111613,3215160,3059541,3188039,3132783,3101648,3121945
19,2913165,2936321,2907772,2949970,2909479,2897904,2928799,2903887,2935442,2898558,2923582,2897841,2978371,2903695,2973371,3002365,2927107,2893295,5600257,0,10167944,2893470,2924459,2929242,3130115,2916616,2934984,2864174,2964693,2890215,3005232,2944095,2916686,2891240,2986794,2894820,2918538,2926723,3022908,2967592,2907291,2896319,2936594,3051954,2922739,2900646,2936000,2888985,3019620,2896525,2979205,2925474,2993979,2951922,2952092,2959252,2903024,2916596,3018325,2870912,2994626,2944387,2910284,2929212
20,3047262,3076172,3038033,3090462,3033189,3026087,3068330,3038942,3070498,3031695,3058159,3030978,3115508,3041946,3105234,3140621,3056729,3026272,3180566,10167944,0,5581972,3057278,3063979,3269497,3053908,3070041,2995710,3101030,3027826,3143489,3079472,3050783,3024056,3129045,3027958,3052795,3061299,3165322,3104089,3042506,3032652,3071652,3192613,3055398,3037139,3072495,3021802,3156919,3034458,3116021,3063088,3126802,3087780,3095779,3097027,3034723,3050694,3152268,3002769,3124092,3077847,3044060,3067145
21,2952710,2980948,2943929,2989996,2939197,2932319,2968536,2943240,2975274,2937815,2963271,2945088,3018829,2943049,3008891,3043157,2969943,2932504,3080271,2893470,5581972,0,10364646,2968979,3167889,2959356,2974817,2902950,3004910,2929376,3046025,2984024,2956231,2930400,3027349,2938871,2958131,2966411,3063989,3007858,2946692,2937175,2976427,3093468,2965528,2938353,2977383,2932940,3057409,2938978,3021165,2965116,3029786,2999985,2996911,3001019,2940731,2956142,3062458,2909785,3030385,2977828,2952928,2972145
22,2986097,3009782,2977156,3028576,2972383,2968622,3002083,2976467,3008901,2970962,2999974,2970246,3052975,2976275,3047711,3079182,2997019,2965611,3115138,2924459,3057278,10364646,0,5557290,3206993,2995939,3010042,2937295,3043651,2965640,3082051,3020927,2991217,2968261,3069564,2967225,2991558,3003114,3100254,3043442,2984753,2968723,3010054,3128494,2994161,2971540,3006176,2961213,3091996,2972125,3055231,2998582,3067250,3025823,3030701,3033329,2975516,2991126,3089015,2945808,3063014,3011455,2987834,3002497
23,2992638,3016370,2983665,3036795,2983678,2971912,3008656,2982977,3015490,2983847,3009735,2986326,3059668,2982784,3049586,3090727,3001977,2972096,3125172,2929242,3063979,2968979,5557290,0,10083390,2996090,3015033,2943708,3045511,2976910,3087201,3024338,2996159,2969944,3068283,2980109,2998108,3011278,3107052,3054897,2986477,2975216,3016644,3143353,3000711,2978041,3012757,2967690,3098777,2975423,3065105,3009935,3075564,3032452,3032525,3043170,2982017,2996069,3100585,2949041,3068124,3021240,2992760,3009069
24,3198230,3218584,3188315,3235160,3178504,3171057,3210398,3192418,3222498,3192817,3206447,3182512,3266548,3182638,3254161,3296061,3204845,3177634,3333103,3130115,3269497,3167889,3206993,10083390,0,5750571,3218845,3142329,3249613,3167831,3294137,3230220,3198556,3168854,3274038,3173100,3200740,3207989,3313803,3252843,3186566,3174598,3218858,3350631,3208136,3179257,3214736,3169796,3306656,3178001,3263521,3206409,3279957,3235846,3238880,3243839,3180037,3196867,3303430,3151329,3273878,3221856,3189890,3210811
25,2979691,3008121,2970782,3022090,2966017,2959076,2995645,2970094,3005643,2964604,2990348,2963889,3046417,2977892,3036383,3070971,2988998,2959262,3108437,2916616,3053908,2959356,2995939,2996090,5750571,0,9821648,2932615,3033937,2964091,3078633,3011263,2983212,2957125,3055000,2965660,2986742,3003076,3091994,3040112,2973578,2962365,3003601,3121760,2987747,2965174,3004525,2954871,3085350,2962573,3048689,2995357,3062266,3019328,3019419,3026818,2972346,2986318,3085573,2941112,3059636,3005002,2979846,2996058
26,2998540,3022320,2989535,3036385,2984746,2977757,3014590,2993640,3021440,2984907,3009269,2982592,3065723,2991850,3057214,3090443,3007895,2977942,3128173,2934984,3070041,2974817,3010042,3015033,3218845,9821648,0,5502492,3056318,2976356,3093311,3030302,3002061,2980576,3075951,2982767,3005616,3012409,3116405,3054527,2992354,2985864,3022593,3141594,3006620,2988697,3018699,2973528,3104920,2981276,3063151,3011057,3080045,3041637,3038509,3053971,2986281,3001972,3106716,2954831,3074194,3023994,2997048,3015003
27,2925969,2949221,2922111,2962934,2912615,2905802,2944863,2916627,2948342,2917658,2939631,2913745,2991479,2916435,2981637,3015585,2947932,2905987,3052347,2864174,2995710,2902950,2937295,2943708,3142329,2932615,5502492,0,10552648,2902891,3021648,2957027,2931088,2905514,3001532,2907529,2931359,2939574,3036224,2980636,2920047,2909027,2954289,3065414,2933961,2921360,2945688,2906455,3032905,2909233,2989085,2938310,3002341,2969696,2969850,2972264,2914150,2929400,3026799,2886688,3004570,2954091,2923055,2942080
28,3028890,3052861,3024550,3068652,3014935,3007882,3045068,3019067,3055177,3016662,3046106,3014347,3096680,3018875,3091272,3129618,3039906,3008067,3159706,2964693,3101030,3004910,3043651,3045511,3249613,3033937,3056318,10552648,0,5559628,3124492,3065701,3032410,3005876,3105375,3012924,3037595,3049246,3142984,3086954,3027401,3016023,3057928,3173255,3037001,3018888,3052404,3003621,3136228,3014630,3094044,3041470,3112697,3069142,3069177,3076745,3016471,3032320,3133201,2984732,3105216,3060927,3030530,3050274
29,2952652,2979292,2943870,2993133,2939137,2932260,2968478,2943181,2975215,2937756,2963212,2937039,3018769,2942989,3008832,3046294,2961894,2935641,3080212,2890215,3027826,2929376,2965640,2976910,3167831,2964091,2976356,2902891,5559628,0,10602040,2983965,2964162,2930341,3027289,2934019,2959670,2966352,3063931,3009396,2946633,2940311,2976368,3093408,2960675,2938294,2977325,2928087,3057350,2938919,3016310,2969850,3036119,2991937,2993656,3000960,2940672,2964072,3056007,2909726,3027129,2977769,2949674,2972086
30,3076781,3099442,3061063,3112230,3057792,3049045,3086759,3060375,3098562,3059471,3081357,3053960,3139090,3064976,3128745,3164371,3079903,3054024,3202981,3005232,3143489,3046025,3082051,3087201,3294137,3078633,3093311,3021648,3124492,10602040,0,5661337,3077105,3046990,3147881,3050939,3075945,3084497,3189215,3127575,3063962,3055634,3094921,3216722,3078548,3055351,3090947,3046334,3179168,3057438,3141153,3083065,3152055,3115963,3112753,3118867,3057729,3073819,3176090,3028755,3147722,3096323,3067138,3090367
31,3007811,3036433,3001971,3048932,2993977,2986972,3023894,3001281,3035554,2992532,3018566,2991815,3079939,2997894,3065015,3112706,3017182,2990353,3139338,2944095,3079472,2984024,3020927,3024338,3230220,3011263,3030302,2957027,3065701,2983965,5661337,0,10432297,2984990,3086989,2993588,3013296,3026498,3125932,3063918,3001601,2993490,3031912,3154391,3015899,2996330,3029609,2989127,3120824,2993695,3074157,3029932,3089493,3052595,3052653,3055355,2995512,3011242,3111425,2963990,3083634,3036509,3006305,3024306
32,2986154,3004997,2970854,3017367,2970882,2959147,2998912,2970164,3007312,2969469,2993615,2963959,3046488,2973169,3041248,3075837,2989070,2959332,3108507,2916686,3050783,2956231,2991217,2996159,3198556,2983212,3002061,2931088,3032410,2964162,3077105,10432297,0,5511557,3055072,2962535,2990010,3001549,3092065,3035389,2973648,2962436,3003671,3121831,2987818,2965246,2999801,2954942,3087019,2964241,3043965,2992231,3057542,3019399,3021088,3026889,2967623,2987987,3085644,2939585,3056510,3005073,2976720,2996129
33,2956871,2980316,2944894,2990961,2940161,2933284,2969501,2944205,2981033,2938780,2964236,2938063,3019793,2944013,3009856,3044122,2967712,2933469,3081237,2891240,3024056,2930400,2968261,2969944,3168854,2957125,2980576,2905514,3005876,2930341,3046990,2984990,5511557,0,10389026,2936640,2965488,2967376,3068150,3013616,2947657,2936542,2977392,3099226,2961699,2950504,2973554,2929111,3066365,2936747,3017335,2966080,3030751,2992960,2996278,3005180,2941696,2957106,3055433,2910750,3028153,2978793,2950697,2969914
34,3051550,3082083,3042305,3089996,3037456,3030347,3067840,3041616,3074810,3035960,3062459,3043232,3121470,3041424,3109587,3145013,3064221,3032130,3183403,2986794,3129045,3027349,3069564,3068283,3274038,3055000,3075951,3001532,3105375,3027289,3147881,3086989,3055072,10389026,0,5586277,3057088,3065599,3171335,3108437,3045185,3033720,3080757,3200262,3062886,3039809,3073608,3030852,3166122,3038721,3121976,3064187,3131178,3096906,3093716,3107759,3038991,3058178,3158271,3010197,3130062,3077365,3048340,3073047
35,2957416,2980909,2948604,2994781,2947058,2941763,2973274,2947914,2980028,2942474,2972795,2941756,3023686,2947724,3015323,3049669,2966675,2938752,3085273,2894820,3027958,2938871,2967225,2980109,3173100,2965660,2982767,2907529,3012924,2934019,3050939,2993588,2962535,2936640,5586277,0,9854267,2971142,3068951,3012683,2951374,2940234,2981181,3101698,2965448,2943019,2977336,2932788,3067149,2943636,3033996,2973033,3036266,2996791,3001697,3007427,2945398,2965641,3059406,2914379,3032062,2982582,2959216,2973688
36,2983292,3010148,2977563,3024134,2968000,2961052,2997664,2972080,3004474,2969779,2992363,2969062,3048496,2971888,3041647,3073077,2995803,2961236,3110588,2918538,3052795,2958131,2991558,2998108,3200740,2986742,3005616,2931359,3037595,2959670,3075945,3013296,2990010,2965488,3057088,9854267,0,5549786,3094125,3037382,2978764,2964344,3010421,3128721,2989754,2971953,3001753,2956842,3087473,2964550,3045967,3003759,3059562,3024573,3024657,3030472,2974329,2985125,3084496,2941461,3058526,3007028,2978644,2998078
37,2991637,3013746,2981081,3027763,2981099,2969340,3012432,2983588,3014464,2974879,3000732,2974162,3060188,2980200,3046922,3081630,2999369,2972720,3122424,2926723,3061299,2966411,3003114,3011278,3207989,3003076,3012409,2939574,3049246,2966352,3084497,3026498,3001549,2967376,3065599,2971142,5549786,0,10280743,3045845,2983888,2980630,3017215,3142187,2998106,2975461,3010137,2965122,3099254,2972848,3054446,3005728,3071279,3029807,3029885,3042115,2977840,2993470,3093073,2946497,3065440,3020214,2986973,3006453
38,3091741,3125733,3079123,3127429,3074230,3067033,3105011,3086424,3112068,3072690,3104379,3071973,3165692,3078242,3147285,3186348,3098107,3072013,3223623,3022908,3165322,3063989,3100254,3107052,3313803,3091994,3116405,3036224,3142984,3063931,3189215,3125932,3092065,3068150,3171335,3068951,3094125,10280743,0,5703432,3083645,3072049,3116417,3235864,3096728,3073388,3109223,3062700,3202837,3075452,3158119,3101270,3170738,3129591,3135943,3142131,3080559,3091975,3194943,3048173,3166383,3117818,3085246,3105424
39,3031868,3055864,3022719,3079661,3017895,3010833,3048062,3022030,3054985,3016421,3042705,3015706,3099734,3021838,3095912,3129501,3041295,3014214,3167627,2967592,3104089,3007858,3043442,3054897,3252843,3040112,3054527,2980636,3086954,3009396,3127575,3063918,3035389,3013616,3108437,3012683,3037382,3045845,5703432,0,10501152,3014182,3059333,3179593,3039984,3017051,3057001,3006568,3139329,3014389,3097091,3047654,3110968,3076959,3072195,3082971,3019430,3035299,3141088,2989253,3108278,3057538,3028707,3048475
40,2970127,2993691,2961267,3007612,2959709,2952792,2987631,2960577,2992811,2955112,2980748,2954396,3036625,2960385,3028226,3069087,2979410,2949781,3100026,2907291,3042506,2946692,2984753,2986477,3186566,2973578,2992354,2920047,3027401,2946633,3063962,3001601,2973648,2947657,3045185,2951374,2978764,2983888,3083645,10501152,0,5507135,2993964,3114900,2981367,2960464,2990107,2945403,3081818,2957874,3034126,2982572,3047643,3014426,3009734,3026687,2959646,2973558,3072465,2930118,3045025,2998561,2967109,2986446
41,2963710,2982407,2950102,2996280,2945361,2938468,2974773,2949413,2981527,2943972,2969500,2946451,3025185,2949221,3015223,3049571,2968174,2941849,3093165,2896319,3032652,2937175,2968723,2975216,3174598,2962365,2985864,2909027,3016023,2940311,3055634,2993490,2962436,2936542,3033720,2940234,2964344,2980630,3072049,3014182,5507135,0,10342940,3100000,2966947,2944518,2978835,2937483,3068649,2946733,3022710,2979326,3036168,3006280,2998402,3005731,2951690,2962347,3060905,2915879,3033561,2984081,2959117,2975186
42,3000151,3023930,2991145,3039593,2987954,2980965,3019396,2990457,3023051,2984919,3010879,2984202,3067332,2990264,3057226,3092053,3014299,2981151,3129783,2936594,3071652,2976427,3010054,3016644,3218858,3003601,3022593,2954289,3057928,2976368,3094921,3031912,3003671,2977392,3080757,2981181,3010421,3017215,3116417,3059333,2993964,10342940,0,5697580,3008230,2993503,3023505,2975139,3108127,2982886,3064762,3014267,3083252,3040051,3040117,3052383,2992685,3005179,3108326,2961235,3075805,3028800,2997060,3016614
43,3121508,3150922,3118333,3159154,3103818,3101341,3138118,3108056,3142050,3102239,3129460,3101522,3196142,3120648,3184018,3213853,3127946,3099930,3254721,3051954,3192613,3093468,3128494,3143353,3350631,3121760,3141594,3065414,3173255,3093408,3216722,3154391,3121831,3099226,3200262,3101698,3128721,3142187,3235864,3179593,3114900,3100000,5697580,0,10529316,3102974,3139169,3104962,3236880,3108196,3188498,3135903,3202897,3164545,3159678,3167571,3105351,3123339,3225752,3072641,3196906,3152594,3114940,3135333
44,2984297,3007957,2975372,3021942,2975397,2963654,3001865,2974684,3007077,2969186,2994966,2968469,3060687,2974491,3041053,3080476,2993612,2963839,3113190,2922739,3055398,2965528,2994161,3000711,3208136,2987747,3006620,2933961,3037001,2960675,3078548,3015899,2987818,2961699,3062886,2965448,2989754,2998106,3096728,3039984,2981367,2966947,3008230,10529316,0,5524328,3004356,2959445,3090076,2967153,3053362,2996774,3063763,3023978,3032054,3034672,2972138,2987728,3087099,2940868,3059531,3009631,2981247,3000680
45,2961724,2985241,2952895,3003923,2948150,2941250,2977598,2952207,2984360,2946758,2972321,2949236,3028071,2956808,3018096,3052484,2970992,2941434,3092925,2900646,3037139,2938353,2971540,2978041,3179257,2965174,2988697,2921360,3018888,2938294,3055351,2996330,2965246,2950504,3039809,2943019,2971953,2975461,3073388,3017051,2960464,2944518,2993503,3102974,5524328,0,10375687,2937065,3069979,2944724,3025587,2978948,3039064,3004338,3001251,3008592,2949685,2965155,3067027,2918631,3046042,2986915,2960320,2979609
46,2996280,3024830,2987292,3034086,2987300,2975525,3012314,2986602,3019156,2981074,3006997,2980356,3063386,2986411,3053293,3088080,3005627,2978906,3130560,2936000,3072495,2977383,3006176,3012757,3214736,3004525,3018699,2945688,3052404,2977325,3090947,3029609,2999801,2973554,3073608,2977336,3001753,3010137,3109223,3057001,2990107,2978835,3023505,3139169,3004356,10375687,0,5529470,3107334,2983835,3062421,3010387,3074500,3037736,3041001,3043667,2984041,3006105,3102742,2952627,3079840,3023308,2993198,3017521
47,2951421,2974865,2942640,2988706,2945897,2935824,2972041,2941952,2973985,2936527,2966777,2935810,3017540,2941759,3007601,3041868,2960664,2931215,3078982,2888985,3021802,2932940,2961213,2967690,3169796,2954871,2973528,2906455,3003621,2928087,3046334,2989127,2954942,2929111,3030852,2932788,2956842,2965122,3062700,3006568,2945403,2937483,2975139,3104962,2959445,2937065,5529470,0,10200018,2934493,3015080,2968620,3028497,2990706,2990829,2998132,2939442,2954852,3053179,2908496,3032294,2976539,2948443,2967660
48,3081900,3106258,3075707,3123904,3069224,3060445,3103128,3084607,3106975,3067691,3092917,3070170,3154102,3071630,3148503,3176299,3091447,3060631,3215087,3019620,3156919,3057409,3091996,3098777,3306656,3085350,3104920,3032905,3136228,3057350,3179168,3120824,3087019,3066365,3166122,3067149,3087473,3099254,3202837,3139329,3081818,3068649,3108127,3236880,3090076,3069979,3107334,10200018,0,5620563,3151339,3094611,3162321,3127651,3122828,3130587,3069161,3085333,3188066,3036847,3159570,3107932,3078618,3098748
49,2959121,2985809,2956700,3004476,2945567,2938674,2974979,2949619,2981733,2944178,2969706,2946657,3026992,2952623,3015429,3049776,2968380,2938861,3090175,2896525,3034458,2938978,2972125,2975423,3178001,2962573,2981276,2909233,3014630,2938919,3057438,2993695,2964241,2936747,3038721,2943636,2964550,2972848,3075452,3014389,2957874,2946733,2982886,3108196,2967153,2944724,2983835,2934493,5620563,0,10518604,2974738,3039570,2998494,2998609,3005937,2947103,2962552,3061111,2919280,3033767,2984288,2959323,2980186
50,3040444,3067685,3031263,3083524,3026431,3019354,3056670,3035368,3063608,3024949,3051306,3029026,3108463,3030382,3103018,3135090,3049887,3019538,3171707,2979205,3116021,3021165,3055231,3065105,3263521,3048689,3063151,2989085,3094044,3016310,3141153,3074157,3043965,3017335,3121976,3033996,3045967,3054446,3158119,3097091,3034126,3022710,3064762,3188498,3053362,3025587,3062421,3015080,3151339,10518604,0,5615766,3127710,3084025,3085645,3088455,3029563,3045473,3145103,2996119,3117023,3069358,3037266,3057084
51,2988710,3015592,2979770,3034387,2974996,2968039,3004696,2982276,3011514,2973576,2999392,2972858,3055588,2983682,3050325,3081796,2998033,2973019,3117752,2925474,3063088,2965116,2998582,3009935,3206409,2995357,3011057,2938310,3041470,2969850,3083065,3029932,2992231,2966080,3064187,2973033,3003759,3005728,3101270,3047654,2982572,2979326,3014267,3135903,2996774,2978948,3010387,2968620,3094611,2974738,5615766,0,9590725,3031633,3031713,3040735,2976533,2992141,3093227,2946823,3064028,3014068,2985652,3005109
52,3054021,3082980,3044760,3092506,3039907,3037584,3075122,3050465,3077305,3041602,3064943,3037689,3122420,3043879,3112121,3147589,3063506,3039367,3190817,2993979,3126802,3029786,3067250,3075564,3279957,3062266,3080045,3002341,3112697,3036119,3152055,3089493,3057542,3030751,3131178,3036266,3059562,3071279,3170738,3110968,3047643,3036168,3083252,3202897,3063763,3039064,3074500,3028497,3162321,3039570,3127710,9590725,0,5648781,3094628,3107086,3046238,3057452,3160857,3009417,3131020,3079859,3055597,3078730
53,3030260,3039779,3009989,3057120,3001984,2994955,3032008,3007702,3043692,3000528,3026668,2999810,3093028,3005913,3073274,3108302,3025273,2995140,3146252,2951922,3087780,2999985,3025823,3032452,3235846,3019328,3041637,2969696,3069142,2991937,3115963,3052595,3019399,2992960,3096906,2996791,3024573,3029807,3129591,3076959,3014426,3006280,3040051,3164545,3023978,3004338,3037736,2990706,3127651,2998494,3084025,3031633,5648781,0,10751569,3063578,3003520,3028897,3121439,2971890,3096747,3043051,3012748,3032421
54,3015968,3039846,3006900,3053973,3002096,2995073,3032082,3009407,3038964,3003837,3026745,2999924,3083455,3012410,3074898,3111486,3025356,3000054,3166968,2952092,3095779,2996911,3030701,3032525,3238880,3019419,3038509,2969850,3069177,2993656,3112753,3052653,3021088,2996278,3093716,3001697,3024657,3029885,3135943,3072195,3009734,2998402,3040117,3159678,3032054,3001251,3041001,2990829,3122828,2998609,3085645,3031713,3094628,10751569,0,5618187,3003629,3019399,3119814,2972035,3096755,3046313,3012846,3032495
55,3028162,3047316,3014251,3064689,3009435,3002390,3039530,3013562,3046436,3007969,3034181,3007252,3095876,3013370,3084089,3122391,3034377,3002574,3154037,2959252,3097027,3001019,3033329,3043170,3243839,3026818,3053971,2972264,3076745,3000960,3118867,3055355,3026889,3005180,3107759,3007427,3030472,3042115,3142131,3082971,3026687,3005731,3052383,3167571,3034672,3008592,3043667,2998132,3130587,3005937,3088455,3040735,3107086,3063578,5618187,0,10757344,3029995,3137152,2979267,3099610,3052186,3020222,3039944
56,2964102,2987618,2955273,3006301,2950528,2943627,2983174,2954584,2986738,2949135,2974699,2951614,3030448,2954392,3020474,3059657,2973369,2948606,3093705,2903024,3034723,2940731,2975516,2982017,3180037,2972346,2986281,2914150,3016471,2940672,3057729,2995512,2967623,2941696,3038991,2945398,2974329,2977840,3080559,3019430,2959646,2951690,2992685,3105351,2972138,2949685,2984041,2939442,3069161,2947103,3029563,2976533,3046238,3003520,3003629,10757344,0,5522662,3071003,2921009,3038832,2989293,2965894,2985184
57,2979672,3008102,2970763,3017279,2965998,2959057,2995626,2978064,3002428,2964586,2990329,2963868,3046398,2982666,3036365,3070951,2988979,2962438,3111613,2916596,3050694,2956142,2991126,2996069,3196867,2986318,3001972,2929400,3032320,2964072,3073819,3011242,2987987,2957106,3058178,2965641,2985125,2993470,3091975,3035299,2973558,2962347,3005179,3123339,2987728,2965155,3006105,2954852,3085333,2962552,3045473,2992141,3057452,3028897,3019399,3029995,5522662,0,10901833,2936299,3054822,3004982,2976630,3000833
58,3078929,3103259,3069554,3125682,3064673,3057501,3100139,3068866,3105575,3066340,3094727,3062428,3147857,3071869,3137475,3176419,3093260,3057685,3215160,3018325,3152268,3062458,3089015,3100585,3303430,3085573,3106716,3026799,3133201,3056007,3176090,3111425,3085644,3055433,3158271,3059406,3084496,3093073,3194943,3141088,3072465,3060905,3108326,3225752,3087099,3067027,3102742,3053179,3188066,3061111,3145103,3093227,3160857,3121439,3119814,3137152,3071003,10901833,0,5589087,3159710,3104934,3078849,3100553
59,2937662,2956168,2924183,2969913,2919475,2912645,2948598,2923494,2955288,2918117,2943358,2917400,2998530,2923302,2988664,3027485,2942063,2920820,3059541,2870912,3002769,2909785,2945808,2949041,3151329,2941112,2954831,2886688,2984732,2909726,3028755,2963990,2939585,2910750,3010197,2914379,2941461,2946497,3048173,2989253,2930118,2915879,2961235,3072641,2940868,2918631,2952627,2908496,3036847,2919280,2996119,2946823,3009417,2971890,2972035,2979267,2921009,2936299,5589087,0,10364300,2957842,2929938,2949011
60,3051391,3078727,3046940,3089836,3040493,3034983,3072475,3046251,3077847,3035803,3062300,3039877,3126106,3042863,3109427,3151246,3060867,3030374,3188039,2994626,3124092,3030385,3063014,3068124,3273878,3059636,3074194,3004570,3105216,3027129,3147722,3083634,3056510,3028153,3130062,3032062,3058526,3065440,3166383,3108278,3045025,3033561,3075805,3196906,3059531,3046042,3079840,3032294,3159570,3033767,3117023,3064028,3131020,3096747,3096755,3099610,3038832,3054822,3159710,10364300,0,5631405,3052975,3068094
61,3001551,3025332,2992546,3042593,2989355,2983964,3017601,2991857,3029245,2986320,3015476,2985605,3073528,2991665,3058627,3098248,3014102,2980953,3132783,2944387,3077847,2977828,3011455,3021240,3221856,3005002,3023994,2954091,3060927,2977769,3096323,3036509,3005073,2978793,3077365,2982582,3007028,3020214,3117818,3057538,2998561,2984081,3028800,3152594,3009631,2986915,3023308,2976539,3107932,2984288,3069358,3014068,3079859,3043051,3046313,3052186,2989293,3004982,3104934,2957842,5631405,0,10279053,3018014
62,2973199,2996787,2965920,3012322,2959565,2954238,2989121,2963633,2995907,2958160,2985431,2957444,3039773,2966637,3036155,3064270,2982490,2952825,3101648,2910284,3044060,2952928,2987834,2992760,3189890,2979846,2997048,2923055,3030530,2949674,3067138,3006305,2976720,2950697,3048340,2959216,2978644,2986973,3085246,3028707,2967109,2959117,2997060,3114940,2981247,2960320,2993198,2948443,3078618,2959323,3037266,2985652,3055597,3012748,3012846,3020222,2965894,2976630,3078849,2929938,3052975,10279053,0,5548566
63,2992608,3016340,2983635,3030374,2978854,2973479,3011823,2982946,3018656,2982219,3003313,2981502,3059638,2982754,3052752,3084303,3001947,2972066,3121945,2929212,3067145,2972145,3002497,3009069,3210811,2996058,3015003,2942080,3050274,2972086,3090367,3024306,2996129,2969914,3073047,2973688,2998078,3006453,3105424,3048475,2986446,2975186,3016614,3135333,3000680,2979609,3017521,2967660,3098748,2980186,3057084,3005109,3078730,3032421,3032495,3039944,2985184,3000833,3100553,2949011,3068094,3018014,5548566,0
