 ,0,1,2,3,4,5,6,7,8,9,10,11,12,13,14,15,16,17,18,19,20,21,22,23,24,25,26,27,28,29,30,31,32,33,34,35,36,37,38,39,40,41,42,43,44,45,46,47,48,49,50,51,52,53,54,55,56,57,58,59,60,61,62,63
0,0,17279711,301286,310279,308692,331968,344664,796525,14791954,1779787,279068,287003,276952,274307,276423,279068,285001,293956,311223,353014,433422,342963,304346,299585,284358,275365,278954,272077,264671,264671,264671,264671,264785,264785,264671,264671,264671,264671,264671,264671,264785,264785,264671,264671,264671,264671,264671,264671,264785,264785,264671,264671,264671,264671,264671,764671,10764785,1264785,264671,264671,264671,264671,264671,6764671
1,17279711,0,10800747,309723,308139,331371,344043,295995,1791453,17279309,1278571,286491,276459,273819,275931,278571,284505,293439,310653,352365,432621,342333,303789,299037,283851,274875,278445,271581,264189,264189,264189,264189,264315,264315,264189,264189,264189,264189,264189,264189,264315,264315,264189,264189,264189,264189,264189,264189,264315,264315,264189,264189,264189,264189,264189,264189,1264315,10764315,764189,264189,264189,264189,264189,264189
2,301286,10800747,0,10833659,331952,356988,370644,318865,313894,1300807,13300088,1308623,297812,294967,297243,300088,306437,316080,334707,379658,466146,368847,327310,322189,305778,296105,299998,292601,284635,284635,284635,284635,284725,284725,284635,284635,284635,284635,284635,284635,284725,284725,284635,284635,284635,284635,284635,284635,284725,284725,284635,284635,284635,284635,284635,284635,284725,784725,6784635,784635,284635,284635,284635,284635
3,310279,309723,10833659,0,10841863,367647,381711,328385,323261,309783,1309047,13317837,1306703,303773,306117,309047,315583,325515,344703,390997,480069,379863,337085,331811,314907,304945,308957,301339,293135,293135,293135,293135,293225,293225,293135,293135,293135,293135,293135,293135,293225,293225,293135,293135,293135,293135,293135,293135,293225,293225,293135,293135,293135,293135,293135,293135,293225,293225,793135,6793135,793135,293135,293135,293135
4,308692,308139,331952,10841863,0,10865766,379758,326705,321608,308199,307466,1316211,13305134,1302219,304551,307466,313969,323850,342939,388996,477612,377919,335360,330113,313296,303385,307376,299797,291635,291635,291635,291635,291725,291725,291635,291635,291635,291635,291635,291635,291725,291725,291635,291635,291635,291635,291635,291635,291725,291725,291635,291635,291635,291635,291635,291635,291725,291725,291635,791635,6791635,791635,291635,291635
5,331968,331371,356988,367647,10865766,0,10908402,351345,345852,331431,330654,340059,1328146,13325011,1327519,330654,337641,348270,368811,418344,513648,406431,360660,355017,336924,326265,330564,322413,313635,313635,313635,313635,313725,313725,313635,313635,313635,313635,313635,313635,313725,313725,313635,313635,313635,313635,313635,313635,313725,313725,313635,313635,313635,313635,313635,313635,313725,313725,313635,313635,813635,6813635,813635,313635
6,344664,344043,370644,381711,379758,10908402,0,10864785,359076,344103,343302,353067,340698,1337443,13340047,1343302,350553,361590,382923,434352,533304,421983,374460,368601,349812,338745,343212,334749,325635,325635,325635,325635,325725,325725,325635,325635,325635,325635,325635,325635,325725,325725,325635,325635,325635,325635,325635,325635,325725,325725,325635,325635,325635,325635,325635,325635,325725,325725,325635,325635,325635,825635,6825635,825635
7,796525,295995,318865,328385,326705,351345,10864785,0,10808935,296055,295345,303745,293105,290305,1292545,13295345,1301595,311085,329415,373655,458775,363015,322135,317095,300945,291425,295255,287975,280135,280135,280135,280135,280225,280225,280135,280135,280135,280135,280135,280135,280225,280225,280135,280135,280135,280135,280135,280135,280225,280225,280135,280135,280135,280135,280135,280135,280225,280225,280135,280135,280135,280135,780135,6780135
8,14791954,1791453,313894,323261,321608,345852,359076,10808935,0,21291553,290752,299017,288548,285793,287997,1290752,17296963,1806280,324213,367742,451494,357273,317050,312091,296262,286895,290602,283439,275725,275725,275725,275725,275875,275875,275725,275725,275725,275725,275725,275725,275875,275875,275725,275725,275725,275725,275725,275725,275875,275875,275725,275725,275725,275725,275725,275725,275875,275875,275725,275725,275725,275725,275725,775725
9,1779787,17279309,1300807,309783,308199,331431,344103,296055,21291553,0,10778631,286551,276519,273879,275991,278631,1784589,14793515,810689,352401,432657,342369,303825,299073,283911,274935,278481,271617,264225,264225,264225,264225,264375,264375,264225,264225,264225,264225,264225,264225,264375,264375,264225,264225,264225,264225,264225,264225,264375,264375,264225,264225,264225,264225,264225,264225,264375,264375,264225,264225,264225,264225,264225,264225
10,279068,1278571,13300088,1309047,307466,330654,343302,295345,290752,10778631,0,10785859,275846,273211,275319,277954,283841,792770,6810011,851644,431748,341631,303160,298417,283224,274265,277864,271013,263635,263635,263635,263635,263725,263725,263635,263635,263635,263635,263635,263635,263725,263725,263635,263635,263635,263635,263635,263635,263725,263725,263635,263635,263635,263635,263635,263635,263725,263725,263635,263635,263635,263635,263635,263635
11,287003,286491,1308623,13317837,1316211,340059,353067,303745,299017,286551,10785859,0,10783691,280981,283149,285859,291911,301095,818831,6861649,944033,351351,311785,306907,291279,282065,285769,278723,271135,271135,271135,271135,271225,271225,271135,271135,271135,271135,271135,271135,271225,271225,271135,271135,271135,271135,271135,271135,271225,271225,271135,271135,271135,271135,271135,271135,271225,271225,271135,271135,271135,271135,271135,271135
12,276952,276459,297812,1306703,13305134,1328146,340698,293105,288548,276519,275846,10783691,0,10771139,273231,275846,281689,290550,307659,848976,6928472,839039,300860,296153,281076,272185,275756,268957,261635,261635,261635,261635,261725,261725,261635,261635,261635,261635,261635,261635,261725,261725,261635,261635,261635,261635,261635,261635,261725,261725,261635,261635,261635,261635,261635,261635,261725,261725,261635,261635,261635,261635,261635,261635
13,274307,273819,294967,303773,1302219,13325011,1337443,290305,285793,273879,273211,280981,10771139,0,10770621,273211,278999,287775,304719,345641,924377,6835799,797985,293323,278391,269585,273121,266387,259135,259135,259135,259135,259225,259225,259135,259135,259135,259135,259135,259135,259225,259225,259135,259135,259135,259135,259135,259135,259225,259225,259135,259135,259135,259135,259135,259135,259225,259225,259135,259135,259135,259135,259135,259135
14,276423,275931,297243,306117,304551,1327519,13340047,1292545,287997,275991,275319,283149,273231,10770621,0,10775319,281151,289995,307071,348309,427653,838391,6800285,795587,280539,271665,275229,268443,261135,261135,261135,261135,261225,261225,261135,261135,261135,261135,261135,261135,261225,261225,261135,261135,261135,261135,261135,261135,261225,261225,261135,261135,261135,261135,261135,261135,261225,261225,261135,261135,261135,261135,261135,261135
15,279068,278571,300088,309047,307466,330654,1343302,13295345,1290752,278631,277954,285859,275846,273211,10775319,0,10783841,292770,310011,351644,431748,341631,803160,6798417,783224,274265,277864,271013,263635,263635,263635,263635,263725,263725,263635,263635,263635,263635,263635,263635,263725,263725,263635,263635,263635,263635,263635,263635,263725,263725,263635,263635,263635,263635,263635,263635,263725,263725,263635,263635,263635,263635,263635,263635
16,285001,284505,306437,315583,313969,337641,350553,1301595,17296963,1784589,283841,291911,281689,278999,281151,10783841,0,17298989,316533,359035,440811,348813,309539,804697,10789221,1280075,283715,276721,269189,269189,269189,269189,269315,269315,269189,269189,269189,269189,269189,269189,269315,269315,269189,269189,269189,269189,269189,269189,269315,269315,269189,269189,269189,269189,269189,269189,269315,269315,269189,269189,269189,269189,269189,269189
17,293956,293439,316080,325515,323850,348270,361590,311085,1806280,14793515,792770,301095,290550,287775,289995,292770,17298989,0,6826511,370356,454716,359811,319296,314301,1298320,10788885,792656,285441,277671,277671,277671,277671,277785,277785,277671,277671,277671,277671,277671,277671,277785,277785,277671,277671,277671,277671,277671,277671,277785,277785,277671,277671,277671,277671,277671,277671,277785,277785,277671,277671,277671,277671,277671,277671
18,311223,310653,334707,344703,342939,368811,382923,329415,324213,810689,6810011,818831,307659,304719,307071,310011,316533,6826511,0,6892277,481653,381105,338181,332889,315891,805895,6809957,802313,294081,294081,294081,294081,294135,294135,294081,294081,294081,294081,294081,294081,294135,294135,294081,294081,294081,294081,294081,294081,294135,294135,294081,294081,294081,294081,294081,294081,294135,294135,294081,294081,294081,294081,294081,294081
19,353014,352365,379658,390997,388996,418344,434352,373655,367742,352401,851644,6861649,848976,345641,348309,351644,359035,370356,6892277,0,7046354,432297,383606,377603,358314,346975,851590,6842919,833581,333581,333581,333581,333635,333635,333581,333581,333581,333581,333581,333581,333635,333635,333581,333581,333581,333581,333581,333581,333635,333635,333581,333581,333581,333581,333581,333581,333635,333635,333581,333581,333581,333581,333581,333581
20,433422,432621,466146,480069,477612,513648,533304,458775,451494,432657,431748,944033,6928472,924377,427653,431748,440811,454716,481653,7046354,0,7030793,471006,463635,439938,426015,431694,921047,6909581,909581,409581,409581,409635,409635,409581,409581,409581,409581,409581,409581,409635,409635,409581,409581,409581,409581,409581,409581,409635,409635,409581,409581,409581,409581,409581,409581,409635,409635,409581,409581,409581,409581,409581,409581
21,342963,342333,368847,379863,377919,406431,421983,363015,357273,342369,341631,351351,839039,6835799,838391,341631,348813,359811,381105,432297,7030793,0,6872681,366849,348111,337095,341577,333153,824081,6824081,824081,324081,324135,324135,324081,324081,324081,324081,324081,324081,324135,324135,324081,324081,324081,324081,324081,324081,324135,324135,324081,324081,324081,324081,324081,324081,324135,324135,324081,324081,324081,324081,324081,324081
22,304346,303789,327310,337085,335360,360660,374460,322135,317050,303825,303160,311785,300860,797985,6800285,803160,309539,319296,338181,383606,471006,6872681,0,6825531,308910,299135,303106,295631,287581,787581,6787581,787581,287635,287635,287581,287581,287581,287581,287581,287581,287635,287635,287581,287581,287581,287581,287581,287581,287635,287635,287581,287581,287581,287581,287581,287581,287635,287635,287581,287581,287581,287581,287581,287581
23,299585,299037,322189,331811,330113,355017,368601,317095,312091,299073,298417,306907,296153,293323,795587,6798417,804697,314301,332889,377603,463635,366849,6825531,0,6804077,294455,298363,291005,283081,283081,783081,6783081,783135,283135,283081,283081,283081,283081,283081,283081,283135,283135,283081,283081,283081,283081,283081,283081,283135,283135,283081,283081,283081,283081,283081,283081,283135,283135,283081,283081,283081,283081,283081,283081
24,284358,283851,305778,314907,313296,336924,349812,300945,296262,283911,283224,291279,281076,278391,280539,783224,10789221,1298320,315891,358314,439938,348111,308910,6804077,0,13279465,283134,276153,268635,268635,268635,768635,10768725,1268725,268635,268635,268635,268635,268635,268635,268725,268725,268635,268635,268635,268635,268635,268635,268725,268725,268635,268635,268635,268635,268635,268635,268725,268725,268635,268635,268635,268635,268635,268635
25,275365,274875,296105,304945,303385,326265,338745,291425,286895,274935,274265,282065,272185,269585,271665,274265,1280075,10788885,805895,346975,426015,337095,299135,294455,13279465,0,6774175,267415,260135,260135,260135,260135,1260225,10760225,760135,260135,260135,260135,260135,260135,260225,260225,260135,260135,260135,260135,260135,260135,260225,260225,260135,260135,260135,260135,260135,260135,260225,260225,260135,260135,260135,260135,260135,260135
26,278954,278445,299998,308957,307376,330564,343212,295255,290602,278481,277864,285769,275756,273121,275229,277864,283715,792656,6809957,851590,431694,341577,303106,298363,283134,6774175,0,6770959,263581,263581,263581,263581,263635,763635,6763581,763581,263581,263581,263581,263581,263635,263635,263581,263581,263581,263581,263581,263581,263635,263635,263581,263581,263581,263581,263581,263581,263635,263635,263581,263581,263581,263581,263581,263581
27,272077,271581,292601,301339,299797,322413,334749,287975,283439,271617,271013,278723,268957,266387,268443,271013,276721,285441,802313,6842919,921047,333153,295631,291005,276153,267415,6770959,0,6757081,257081,257081,257081,257135,257135,757081,6757081,757081,257081,257081,257081,257135,257135,257081,257081,257081,257081,257081,257081,257135,257135,257081,257081,257081,257081,257081,257081,257135,257135,257081,257081,257081,257081,257081,257081
28,264671,264189,284635,293135,291635,313635,325635,280135,275725,264225,263635,271135,261635,259135,261135,263635,269189,277671,294081,833581,6909581,824081,287581,283081,268635,260135,263581,6757081,0,6750081,250081,250081,250135,250135,250081,750081,6750081,750081,250081,250081,250135,250135,250081,250081,250081,250081,250081,250081,250135,250135,250081,250081,250081,250081,250081,250081,250135,250135,250081,250081,250081,250081,250081,250081
29,264671,264189,284635,293135,291635,313635,325635,280135,275725,264225,263635,271135,261635,259135,261135,263635,269189,277671,294081,333581,909581,6824081,787581,283081,268635,260135,263581,257081,6750081,0,6750081,250081,250135,250135,250081,250081,750081,6750081,750081,250081,250135,250135,250081,250081,250081,250081,250081,250081,250135,250135,250081,250081,250081,250081,250081,250081,250135,250135,250081,250081,250081,250081,250081,250081
30,264671,264189,284635,293135,291635,313635,325635,280135,275725,264225,263635,271135,261635,259135,261135,263635,269189,277671,294081,333581,409581,824081,6787581,783081,268635,260135,263581,257081,250081,6750081,0,6750081,250135,250135,250081,250081,250081,750081,6750081,750081,250135,250135,250081,250081,250081,250081,250081,250081,250135,250135,250081,250081,250081,250081,250081,250081,250135,250135,250081,250081,250081,250081,250081,250081
31,264671,264189,284635,293135,291635,313635,325635,280135,275725,264225,263635,271135,261635,259135,261135,263635,269189,277671,294081,333581,409581,324081,787581,6783081,768635,260135,263581,257081,250081,250081,6750081,0,6750135,250135,250081,250081,250081,250081,750081,6750081,750135,250135,250081,250081,250081,250081,250081,250081,250135,250135,250081,250081,250081,250081,250081,250081,250135,250135,250081,250081,250081,250081,250081,250081
32,264785,264315,284725,293225,291725,313725,325725,280225,275875,264375,263725,271225,261725,259225,261225,263725,269315,277785,294135,333635,409635,324135,287635,783135,10768725,1260225,263635,257135,250135,250135,250135,6750135,0,13250225,250135,250135,250135,250135,250135,750135,10750225,1250225,250135,250135,250135,250135,250135,250135,250225,250225,250135,250135,250135,250135,250135,250135,250225,250225,250135,250135,250135,250135,250135,250135
33,264785,264315,284725,293225,291725,313725,325725,280225,275875,264375,263725,271225,261725,259225,261225,263725,269315,277785,294135,333635,409635,324135,287635,283135,1268725,10760225,763635,257135,250135,250135,250135,250135,13250225,0,6750135,250135,250135,250135,250135,250135,1250225,10750225,750135,250135,250135,250135,250135,250135,250225,250225,250135,250135,250135,250135,250135,250135,250225,250225,250135,250135,250135,250135,250135,250135
34,264671,264189,284635,293135,291635,313635,325635,280135,275725,264225,263635,271135,261635,259135,261135,263635,269189,277671,294081,333581,409581,324081,287581,283081,268635,760135,6763581,757081,250081,250081,250081,250081,250135,6750135,0,6750081,250081,250081,250081,250081,250135,750135,6750081,750081,250081,250081,250081,250081,250135,250135,250081,250081,250081,250081,250081,250081,250135,250135,250081,250081,250081,250081,250081,250081
35,264671,264189,284635,293135,291635,313635,325635,280135,275725,264225,263635,271135,261635,259135,261135,263635,269189,277671,294081,333581,409581,324081,287581,283081,268635,260135,763581,6757081,750081,250081,250081,250081,250135,250135,6750081,0,6750081,250081,250081,250081,250135,250135,750081,6750081,750081,250081,250081,250081,250135,250135,250081,250081,250081,250081,250081,250081,250135,250135,250081,250081,250081,250081,250081,250081
36,264671,264189,284635,293135,291635,313635,325635,280135,275725,264225,263635,271135,261635,259135,261135,263635,269189,277671,294081,333581,409581,324081,287581,283081,268635,260135,263581,757081,6750081,750081,250081,250081,250135,250135,250081,6750081,0,6750081,250081,250081,250135,250135,250081,750081,6750081,750081,250081,250081,250135,250135,250081,250081,250081,250081,250081,250081,250135,250135,250081,250081,250081,250081,250081,250081
37,264671,264189,284635,293135,291635,313635,325635,280135,275725,264225,263635,271135,261635,259135,261135,263635,269189,277671,294081,333581,409581,324081,287581,283081,268635,260135,263581,257081,750081,6750081,750081,250081,250135,250135,250081,250081,6750081,0,6750081,250081,250135,250135,250081,250081,750081,6750081,750081,250081,250135,250135,250081,250081,250081,250081,250081,250081,250135,250135,250081,250081,250081,250081,250081,250081
38,264671,264189,284635,293135,291635,313635,325635,280135,275725,264225,263635,271135,261635,259135,261135,263635,269189,277671,294081,333581,409581,324081,287581,283081,268635,260135,263581,257081,250081,750081,6750081,750081,250135,250135,250081,250081,250081,6750081,0,6750081,250135,250135,250081,250081,250081,750081,6750081,750081,250135,250135,250081,250081,250081,250081,250081,250081,250135,250135,250081,250081,250081,250081,250081,250081
39,264671,264189,284635,293135,291635,313635,325635,280135,275725,264225,263635,271135,261635,259135,261135,263635,269189,277671,294081,333581,409581,324081,287581,283081,268635,260135,263581,257081,250081,250081,750081,6750081,750135,250135,250081,250081,250081,250081,6750081,0,6750135,250135,250081,250081,250081,250081,750081,6750081,750135,250135,250081,250081,250081,250081,250081,250081,250135,250135,250081,250081,250081,250081,250081,250081
40,264785,264315,284725,293225,291725,313725,325725,280225,275875,264375,263725,271225,261725,259225,261225,263725,269315,277785,294135,333635,409635,324135,287635,283135,268725,260225,263635,257135,250135,250135,250135,750135,10750225,1250225,250135,250135,250135,250135,250135,6750135,0,13250225,250135,250135,250135,250135,250135,750135,10750225,1250225,250135,250135,250135,250135,250135,250135,250225,250225,250135,250135,250135,250135,250135,250135
41,264785,264315,284725,293225,291725,313725,325725,280225,275875,264375,263725,271225,261725,259225,261225,263725,269315,277785,294135,333635,409635,324135,287635,283135,268725,260225,263635,257135,250135,250135,250135,250135,1250225,10750225,750135,250135,250135,250135,250135,250135,13250225,0,6750135,250135,250135,250135,250135,250135,1250225,10750225,750135,250135,250135,250135,250135,250135,250225,250225,250135,250135,250135,250135,250135,250135
42,264671,264189,284635,293135,291635,313635,325635,280135,275725,264225,263635,271135,261635,259135,261135,263635,269189,277671,294081,333581,409581,324081,287581,283081,268635,260135,263581,257081,250081,250081,250081,250081,250135,750135,6750081,750081,250081,250081,250081,250081,250135,6750135,0,6750081,250081,250081,250081,250081,250135,750135,6750081,750081,250081,250081,250081,250081,250135,250135,250081,250081,250081,250081,250081,250081
43,264671,264189,284635,293135,291635,313635,325635,280135,275725,264225,263635,271135,261635,259135,261135,263635,269189,277671,294081,333581,409581,324081,287581,283081,268635,260135,263581,257081,250081,250081,250081,250081,250135,250135,750081,6750081,750081,250081,250081,250081,250135,250135,6750081,0,6750081,250081,250081,250081,250135,250135,750081,6750081,750081,250081,250081,250081,250135,250135,250081,250081,250081,250081,250081,250081
44,264671,264189,284635,293135,291635,313635,325635,280135,275725,264225,263635,271135,261635,259135,261135,263635,269189,277671,294081,333581,409581,324081,287581,283081,268635,260135,263581,257081,250081,250081,250081,250081,250135,250135,250081,750081,6750081,750081,250081,250081,250135,250135,250081,6750081,0,6750081,250081,250081,250135,250135,250081,750081,6750081,750081,250081,250081,250135,250135,250081,250081,250081,250081,250081,250081
45,264671,264189,284635,293135,291635,313635,325635,280135,275725,264225,263635,271135,261635,259135,261135,263635,269189,277671,294081,333581,409581,324081,287581,283081,268635,260135,263581,257081,250081,250081,250081,250081,250135,250135,250081,250081,750081,6750081,750081,250081,250135,250135,250081,250081,6750081,0,6750081,250081,250135,250135,250081,250081,750081,6750081,750081,250081,250135,250135,250081,250081,250081,250081,250081,250081
46,264671,264189,284635,293135,291635,313635,325635,280135,275725,264225,263635,271135,261635,259135,261135,263635,269189,277671,294081,333581,409581,324081,287581,283081,268635,260135,263581,257081,250081,250081,250081,250081,250135,250135,250081,250081,250081,750081,6750081,750081,250135,250135,250081,250081,250081,6750081,0,6750081,250135,250135,250081,250081,250081,750081,6750081,750081,250135,250135,250081,250081,250081,250081,250081,250081
47,264671,264189,284635,293135,291635,313635,325635,280135,275725,264225,263635,271135,261635,259135,261135,263635,269189,277671,294081,333581,409581,324081,287581,283081,268635,260135,263581,257081,250081,250081,250081,250081,250135,250135,250081,250081,250081,250081,750081,6750081,750135,250135,250081,250081,250081,250081,6750081,0,6750135,250135,250081,250081,250081,250081,750081,6750081,750135,250135,250081,250081,250081,250081,250081,250081
48,264785,264315,284725,293225,291725,313725,325725,280225,275875,264375,263725,271225,261725,259225,261225,263725,269315,277785,294135,333635,409635,324135,287635,283135,268725,260225,263635,257135,250135,250135,250135,250135,250225,250225,250135,250135,250135,250135,250135,750135,10750225,1250225,250135,250135,250135,250135,250135,6750135,0,13250225,250135,250135,250135,250135,250135,750135,10750225,1250225,250135,250135,250135,250135,250135,250135
49,264785,264315,284725,293225,291725,313725,325725,280225,275875,264375,263725,271225,261725,259225,261225,263725,269315,277785,294135,333635,409635,324135,287635,283135,268725,260225,263635,257135,250135,250135,250135,250135,250225,250225,250135,250135,250135,250135,250135,250135,1250225,10750225,750135,250135,250135,250135,250135,250135,13250225,0,6750135,250135,250135,250135,250135,250135,1250225,10750225,750135,250135,250135,250135,250135,250135
50,264671,264189,284635,293135,291635,313635,325635,280135,275725,264225,263635,271135,261635,259135,261135,263635,269189,277671,294081,333581,409581,324081,287581,283081,268635,260135,263581,257081,250081,250081,250081,250081,250135,250135,250081,250081,250081,250081,250081,250081,250135,750135,6750081,750081,250081,250081,250081,250081,250135,6750135,0,6750081,250081,250081,250081,250081,250135,750135,6750081,750081,250081,250081,250081,250081
51,264671,264189,284635,293135,291635,313635,325635,280135,275725,264225,263635,271135,261635,259135,261135,263635,269189,277671,294081,333581,409581,324081,287581,283081,268635,260135,263581,257081,250081,250081,250081,250081,250135,250135,250081,250081,250081,250081,250081,250081,250135,250135,750081,6750081,750081,250081,250081,250081,250135,250135,6750081,0,6750081,250081,250081,250081,250135,250135,750081,6750081,750081,250081,250081,250081
52,264671,264189,284635,293135,291635,313635,325635,280135,275725,264225,263635,271135,261635,259135,261135,263635,269189,277671,294081,333581,409581,324081,287581,283081,268635,260135,263581,257081,250081,250081,250081,250081,250135,250135,250081,250081,250081,250081,250081,250081,250135,250135,250081,750081,6750081,750081,250081,250081,250135,250135,250081,6750081,0,6750081,250081,250081,250135,250135,250081,750081,6750081,750081,250081,250081
53,264671,264189,284635,293135,291635,313635,325635,280135,275725,264225,263635,271135,261635,259135,261135,263635,269189,277671,294081,333581,409581,324081,287581,283081,268635,260135,263581,257081,250081,250081,250081,250081,250135,250135,250081,250081,250081,250081,250081,250081,250135,250135,250081,250081,750081,6750081,750081,250081,250135,250135,250081,250081,6750081,0,6750081,250081,250135,250135,250081,250081,750081,6750081,750081,250081
54,264671,264189,284635,293135,291635,313635,325635,280135,275725,264225,263635,271135,261635,259135,261135,263635,269189,277671,294081,333581,409581,324081,287581,283081,268635,260135,263581,257081,250081,250081,250081,250081,250135,250135,250081,250081,250081,250081,250081,250081,250135,250135,250081,250081,250081,750081,6750081,750081,250135,250135,250081,250081,250081,6750081,0,6750081,250135,250135,250081,250081,250081,750081,6750081,750081
55,764671,264189,284635,293135,291635,313635,325635,280135,275725,264225,263635,271135,261635,259135,261135,263635,269189,277671,294081,333581,409581,324081,287581,283081,268635,260135,263581,257081,250081,250081,250081,250081,250135,250135,250081,250081,250081,250081,250081,250081,250135,250135,250081,250081,250081,250081,750081,6750081,750135,250135,250081,250081,250081,250081,6750081,0,6750135,250135,250081,250081,250081,250081,750081,6750081
56,10764785,1264315,284725,293225,291725,313725,325725,280225,275875,264375,263725,271225,261725,259225,261225,263725,269315,277785,294135,333635,409635,324135,287635,283135,268725,260225,263635,257135,250135,250135,250135,250135,250225,250225,250135,250135,250135,250135,250135,250135,250225,250225,250135,250135,250135,250135,250135,750135,10750225,1250225,250135,250135,250135,250135,250135,6750135,0,13250225,250135,250135,250135,250135,250135,750135
57,1264785,10764315,784725,293225,291725,313725,325725,280225,275875,264375,263725,271225,261725,259225,261225,263725,269315,277785,294135,333635,409635,324135,287635,283135,268725,260225,263635,257135,250135,250135,250135,250135,250225,250225,250135,250135,250135,250135,250135,250135,250225,250225,250135,250135,250135,250135,250135,250135,1250225,10750225,750135,250135,250135,250135,250135,250135,13250225,0,6750135,250135,250135,250135,250135,250135
58,264671,764189,6784635,793135,291635,313635,325635,280135,275725,264225,263635,271135,261635,259135,261135,263635,269189,277671,294081,333581,409581,324081,287581,283081,268635,260135,263581,257081,250081,250081,250081,250081,250135,250135,250081,250081,250081,250081,250081,250081,250135,250135,250081,250081,250081,250081,250081,250081,250135,750135,6750081,750081,250081,250081,250081,250081,250135,6750135,0,6750081,250081,250081,250081,250081
59,264671,264189,784635,6793135,791635,313635,325635,280135,275725,264225,263635,271135,261635,259135,261135,263635,269189,277671,294081,333581,409581,324081,287581,283081,268635,260135,263581,257081,250081,250081,250081,250081,250135,250135,250081,250081,250081,250081,250081,250081,250135,250135,250081,250081,250081,250081,250081,250081,250135,250135,750081,6750081,750081,250081,250081,250081,250135,250135,6750081,0,6750081,250081,250081,250081
60,264671,264189,284635,793135,6791635,813635,325635,280135,275725,264225,263635,271135,261635,259135,261135,263635,269189,277671,294081,333581,409581,324081,287581,283081,268635,260135,263581,257081,250081,250081,250081,250081,250135,250135,250081,250081,250081,250081,250081,250081,250135,250135,250081,250081,250081,250081,250081,250081,250135,250135,250081,750081,6750081,750081,250081,250081,250135,250135,250081,6750081,0,6750081,250081,250081
61,264671,264189,284635,293135,791635,6813635,825635,280135,275725,264225,263635,271135,261635,259135,261135,263635,269189,277671,294081,333581,409581,324081,287581,283081,268635,260135,263581,257081,250081,250081,250081,250081,250135,250135,250081,250081,250081,250081,250081,250081,250135,250135,250081,250081,250081,250081,250081,250081,250135,250135,250081,250081,750081,6750081,750081,250081,250135,250135,250081,250081,6750081,0,6750081,250081
62,264671,264189,284635,293135,291635,813635,6825635,780135,275725,264225,263635,271135,261635,259135,261135,263635,269189,277671,294081,333581,409581,324081,287581,283081,268635,260135,263581,257081,250081,250081,250081,250081,250135,250135,250081,250081,250081,250081,250081,250081,250135,250135,250081,250081,250081,250081,250081,250081,250135,250135,250081,250081,250081,750081,6750081,750081,250135,250135,250081,250081,250081,6750081,0,6750081
63,6764671,264189,284635,293135,291635,313635,825635,6780135,775725,264225,263635,271135,261635,259135,261135,263635,269189,277671,294081,333581,409581,324081,287581,283081,268635,260135,263581,257081,250081,250081,250081,250081,250135,250135,250081,250081,250081,250081,250081,250081,250135,250135,250081,250081,250081,250081,250081,250081,250135,250135,250081,250081,250081,250081,750081,6750081,750135,250135,250081,250081,250081,250081,6750081,0
