 ,0,1,2,3,4,5,6,7,8,9,10,11,12,13,14,15,16,17,18,19,20,21,22,23,24,25,26,27,28,29,30,31,32,33,34,35,36,37,38,39,40,41,42,43,44,45,46,47,48,49,50,51,52,53,54,55,56,57,58,59,60,61,62,63
0,0,29800852,320032,329348,327704,351816,364968,5315100,104349666,11303044,297016,305236,294824,292084,294276,297016,306332,314552,327156,370448,453744,360036,320032,315100,302496,293180,293728,286604,278932,278932,278932,278932,282220,282220,278932,278932,278932,278932,278932,278932,282220,282220,278932,278932,278932,278932,278932,278932,282220,282220,278932,278932,278932,278932,278932,2778932,66057235,7782220,278932,278932,278932,278932,278932,12778932
1,29800852,0,17320616,329949,328302,352458,365634,315675,11316224,110087615,6297558,305793,295362,292617,294813,297558,306891,315126,327753,371124,454572,360693,320616,315675,303048,293715,294264,287127,279441,279441,279441,279441,282735,282735,279441,279441,279441,279441,279441,279441,282735,282735,279441,279441,279441,279441,279441,279441,282735,282735,279441,279441,279441,279441,279441,279441,7782735,76308747,5279441,279441,279441,279441,279441,279441
2,320032,17320616,0,17350984,349232,374928,388944,335800,336384,6322952,73084534,6325288,314192,311272,313608,316528,326456,335216,348648,394784,483552,383688,341056,335800,322368,312440,313024,305432,297256,297256,297256,297256,300760,300760,297256,297256,297256,297256,297256,297256,300760,300760,297256,297256,297256,297256,297256,297256,300760,300760,297256,297256,297256,297256,297256,297256,300760,5300760,57815262,5297256,297256,297256,297256,297256
3,329348,329949,17350984,0,17359398,385842,400266,345575,346176,332353,6325742,73102763,6323338,320333,322737,325742,335959,344974,358797,406276,497628,394857,350984,345575,331752,321535,322136,314323,305909,305909,305909,305909,309515,309515,305909,305909,305909,305909,305909,305909,309515,309515,305909,305909,305909,305909,305909,305909,309515,309515,305909,305909,305909,305909,305909,305909,309515,309515,5305909,57823915,5305909,305909,305909,305909
4,327704,328302,349232,17359398,0,17383916,398268,343850,344448,330694,324116,6333086,73089730,6318734,321126,324116,334282,343252,357006,404248,495144,392886,349232,343850,330096,319930,320528,312754,304382,304382,304382,304382,307970,307970,304382,304382,304382,304382,304382,304382,307970,307970,304382,304382,304382,304382,304382,304382,307970,307970,304382,304382,304382,304382,304382,304382,307970,307970,304382,5304382,57822388,5304382,304382,304382
5,351816,352458,374928,385842,17383916,0,17427572,369150,369792,355026,347964,357594,6345396,73110192,6344754,347964,358878,368508,383274,433992,531576,421794,374928,369150,354384,343470,344112,335766,326778,326778,326778,326778,330630,330630,326778,326778,326778,326778,326778,326778,330630,330630,326778,326778,326778,326778,326778,326778,330630,330630,326778,326778,326778,326778,326778,326778,330630,330630,326778,326778,5326778,57844784,5326778,326778
6,364968,365634,388944,400266,398268,17427572,0,17382950,383616,368298,360972,370962,358308,6354978,73125648,6360972,372294,382284,397602,450216,551448,437562,388944,382950,367632,356310,356976,348318,338994,338994,338994,338994,342990,342990,338994,338994,338994,338994,338994,338994,342990,342990,338994,338994,338994,338994,338994,338994,342990,342990,338994,338994,338994,338994,338994,338994,342990,342990,338994,338994,338994,5338994,57857000,5338994
7,5315100,315675,335800,345575,343850,369150,17382950,0,17331200,317975,311650,320275,309350,306475,6308775,73079656,6321425,330050,343275,388700,476100,377775,335800,330625,317400,307625,308200,300725,292675,292675,292675,292675,296125,296125,292675,292675,292675,292675,292675,292675,296125,296125,292675,292675,292675,292675,292675,292675,296125,296125,292675,292675,292675,292675,292675,292675,296125,296125,292675,292675,292675,292675,5292675,57810681
8,104349666,11316224,336384,346176,344448,369792,383616,17331200,0,39818528,312192,320832,309888,307008,309312,6312192,91597996,8830624,343872,389376,476928,378432,336384,331200,317952,308160,308736,301248,293184,293184,293184,293184,296640,296640,293184,293184,293184,293184,293184,293184,296640,296640,293184,293184,293184,293184,293184,293184,296640,296640,293184,293184,293184,293184,293184,293184,296640,296640,293184,293184,293184,293184,293184,5293184
9,11303044,110087615,6322952,332353,330694,355026,368298,317975,39818528,0,22799726,308021,297514,294749,296961,299726,8809127,75592437,2830141,373828,457884,363321,322952,317975,305256,295855,296408,289219,281477,281477,281477,281477,284795,284795,281477,281477,281477,281477,281477,281477,284795,284795,281477,281477,281477,281477,281477,281477,284795,284795,281477,281477,281477,281477,281477,281477,284795,284795,281477,281477,281477,281477,281477,281477
10,297016,6297558,73084534,6325742,324116,347964,360972,311650,312192,22799726,0,22801894,291596,288886,291054,293764,302978,2811108,29082577,2866392,448776,356094,316528,311650,299184,289970,290512,283466,275878,275878,275878,275878,279130,279130,275878,275878,275878,275878,275878,275878,279130,279130,275878,275878,275878,275878,275878,275878,279130,279130,275878,275878,275878,275878,275878,275878,279130,279130,275878,275878,275878,275878,275878,275878
11,305236,305793,6325288,73102763,6333086,357594,370962,320275,320832,308021,22801894,0,22799666,296881,299109,301894,311363,319718,2832529,29135535,2961196,365949,325288,320275,307464,297995,298552,291311,283513,283513,283513,283513,286855,286855,283513,283513,283513,283513,283513,283513,286855,286855,283513,283513,283513,283513,283513,283513,286855,286855,283513,283513,283513,283513,283513,283513,286855,286855,283513,283513,283513,283513,283513,283513
12,294824,295362,314192,6323338,73089730,6345396,358308,309350,309888,297514,291596,22799666,0,22786754,288906,291596,300742,308812,321186,2863688,29204467,2853466,314192,309350,296976,287830,288368,281374,273842,273842,273842,273842,277070,277070,273842,273842,273842,273842,273842,273842,277070,277070,273842,273842,273842,273842,273842,273842,277070,277070,273842,273842,273842,273842,273842,273842,277070,277070,273842,273842,273842,273842,273842,273842
13,292084,292617,311272,320333,6318734,73110192,6354978,306475,307008,294749,288886,296881,22786754,0,22786221,288886,297947,305942,318201,360308,2941324,29109184,2811272,306475,294216,285155,285688,278759,271297,271297,271297,271297,274495,274495,271297,271297,271297,271297,271297,271297,274495,274495,271297,271297,271297,271297,271297,271297,274495,274495,271297,271297,271297,271297,271297,271297,274495,274495,271297,271297,271297,271297,271297,271297
14,294276,294813,313608,322737,321126,6344754,73125648,6308775,309312,296961,291054,299109,288906,22786221,0,22791054,300183,308238,320589,363012,444636,2852809,29072611,2808775,296424,287295,287832,280851,273333,273333,273333,273333,276555,276555,273333,273333,273333,273333,273333,273333,276555,276555,273333,273333,273333,273333,273333,273333,276555,276555,273333,273333,273333,273333,273333,273333,276555,276555,273333,273333,273333,273333,273333,273333
15,297016,297558,316528,325742,324116,347964,6360972,73079656,6312192,299726,293764,301894,291596,288886,22791054,0,22802978,311108,323574,366392,448776,356094,2816528,29070653,2799184,289970,290512,283466,275878,275878,275878,275878,279130,279130,275878,275878,275878,275878,275878,275878,279130,279130,275878,275878,275878,275878,275878,275878,279130,279130,275878,275878,275878,275878,275878,275878,279130,279130,275878,275878,275878,275878,275878,275878
16,306332,306891,326456,335959,334282,358878,372294,6321425,91597996,8809127,302978,311363,300742,297947,300183,22802978,0,35320866,333723,377884,462852,367263,326456,2821425,66083583,7799065,299624,292357,284531,284531,284531,284531,287885,287885,284531,284531,284531,284531,284531,284531,287885,287885,284531,284531,284531,284531,284531,284531,287885,287885,284531,284531,284531,284531,284531,284531,287885,287885,284531,284531,284531,284531,284531,284531
17,314552,315126,335216,344974,343252,368508,382284,330050,8830624,75592437,2811108,319718,308812,305942,308238,311108,35320866,0,12842678,388024,475272,377118,335216,330050,7816848,76333102,5307664,300202,292166,292166,292166,292166,295610,295610,292166,292166,292166,292166,292166,292166,295610,295610,292166,292166,292166,292166,292166,292166,295610,295610,292166,292166,292166,292166,292166,292166,295610,295610,292166,292166,292166,292166,292166,292166
18,327156,327753,348648,358797,357006,383274,397602,343275,343872,2830141,29082577,2832529,321186,318201,320589,323574,333723,12842678,0,12903572,494316,392229,348648,343275,329544,5319395,57837998,5312231,303873,303873,303873,303873,307455,307455,303873,303873,303873,303873,303873,303873,307455,307455,303873,303873,303873,303873,303873,303873,307455,307455,303873,303873,303873,303873,303873,303873,307455,307455,303873,303873,303873,303873,303873,303873
19,370448,371124,394784,406276,404248,433992,450216,388700,389376,373828,2866392,29135535,2863688,360308,363012,366392,377884,388024,12903572,0,13059728,444132,394784,388700,373152,361660,5362336,57871554,5344084,344084,344084,344084,348140,348140,344084,344084,344084,344084,344084,344084,348140,348140,344084,344084,344084,344084,344084,344084,348140,348140,344084,344084,344084,344084,344084,344084,348140,348140,344084,344084,344084,344084,344084,344084
20,453744,454572,483552,497628,495144,531576,551448,476100,476928,457884,448776,2961196,29204467,2941324,444636,448776,462852,475272,494316,13059728,0,13043996,483552,476100,457056,442980,443808,5433044,57939458,5421452,421452,421452,426420,426420,421452,421452,421452,421452,421452,421452,426420,426420,421452,421452,421452,421452,421452,421452,426420,426420,421452,421452,421452,421452,421452,421452,426420,426420,421452,421452,421452,421452,421452,421452
21,360036,360693,383688,394857,392886,421794,437562,377775,378432,363321,356094,365949,2853466,29109184,2852809,356094,367263,377118,392229,444132,13043996,0,12883688,377775,362664,351495,352152,343611,5334413,57852419,5334413,334413,338355,338355,334413,334413,334413,334413,334413,334413,338355,338355,334413,334413,334413,334413,334413,334413,338355,338355,334413,334413,334413,334413,334413,334413,338355,338355,334413,334413,334413,334413,334413,334413
22,320032,320616,341056,350984,349232,374928,388944,335800,336384,322952,316528,325288,314192,2811272,29072611,2816528,326456,335216,348648,394784,483552,12883688,0,12835800,322368,312440,313024,305432,297256,5297256,57815262,5297256,300760,300760,297256,297256,297256,297256,297256,297256,300760,300760,297256,297256,297256,297256,297256,297256,300760,300760,297256,297256,297256,297256,297256,297256,300760,300760,297256,297256,297256,297256,297256,297256
23,315100,315675,335800,345575,343850,369150,382950,330625,331200,317975,311650,320275,309350,306475,2808775,29070653,2821425,330050,343275,388700,476100,377775,12835800,0,12817400,307625,308200,300725,292675,292675,5292675,57810681,5296125,296125,292675,292675,292675,292675,292675,292675,296125,296125,292675,292675,292675,292675,292675,292675,296125,296125,292675,292675,292675,292675,292675,292675,296125,296125,292675,292675,292675,292675,292675,292675
24,302496,303048,322368,331752,330096,354384,367632,317400,317952,305256,299184,307464,296976,294216,296424,2799184,66083583,7816848,329544,373152,457056,362664,322368,12817400,0,24295320,295872,288696,280968,280968,280968,5280968,68802286,6534280,280968,280968,280968,280968,280968,280968,784280,284280,280968,280968,280968,280968,280968,280968,284280,284280,280968,280968,280968,280968,280968,280968,284280,284280,280968,280968,280968,280968,280968,280968
25,293180,293715,312440,321535,319930,343470,356310,307625,308160,295855,289970,297995,287830,285155,287295,289970,7799065,76333102,5319395,361660,442980,351495,312440,307625,24295320,0,11786760,279805,272315,272315,272315,272315,6525525,55041537,1522315,272315,272315,272315,272315,272315,275525,1025525,272315,272315,272315,272315,272315,272315,275525,275525,272315,272315,272315,272315,272315,272315,275525,275525,272315,272315,272315,272315,272315,272315
26,293728,294264,313024,322136,320528,344112,356976,308200,308736,296408,290512,298552,288368,285688,287832,290512,299624,5307664,57837998,5362336,443808,352152,313024,308200,295872,11786760,0,11780328,272824,272824,272824,272824,276040,1526040,18022824,1522824,272824,272824,272824,272824,276040,276040,1022824,272824,272824,272824,272824,272824,276040,276040,272824,272824,272824,272824,272824,272824,276040,276040,272824,272824,272824,272824,272824,272824
27,286604,287127,305432,314323,312754,335766,348318,300725,301248,289219,283466,291311,281374,278759,280851,283466,292357,300202,5312231,57871554,5433044,343611,305432,300725,288696,279805,11780328,0,11766207,266207,266207,266207,269345,269345,1516207,18016207,1516207,266207,266207,266207,269345,269345,266207,1016207,266207,266207,266207,266207,269345,269345,266207,266207,266207,266207,266207,266207,269345,269345,266207,266207,266207,266207,266207,266207
28,278932,279441,297256,305909,304382,326778,338994,292675,293184,281477,275878,283513,273842,271297,273333,275878,284531,292166,303873,5344084,57939458,5334413,297256,292675,280968,272315,272824,11766207,0,11759081,259081,259081,262135,262135,259081,1509081,18009081,1509081,259081,259081,262135,262135,259081,259081,1009081,259081,259081,259081,262135,262135,259081,259081,259081,259081,259081,259081,262135,262135,259081,259081,259081,259081,259081,259081
29,278932,279441,297256,305909,304382,326778,338994,292675,293184,281477,275878,283513,273842,271297,273333,275878,284531,292166,303873,344084,5421452,57852419,5297256,292675,280968,272315,272824,266207,11759081,0,11759081,259081,262135,262135,259081,259081,1509081,18009081,1509081,259081,262135,262135,259081,259081,259081,1009081,259081,259081,262135,262135,259081,259081,259081,259081,259081,259081,262135,262135,259081,259081,259081,259081,259081,259081
30,278932,279441,297256,305909,304382,326778,338994,292675,293184,281477,275878,283513,273842,271297,273333,275878,284531,292166,303873,344084,421452,5334413,57815262,5292675,280968,272315,272824,266207,259081,11759081,0,11759081,262135,262135,259081,259081,259081,1509081,18009081,1509081,262135,262135,259081,259081,259081,259081,1009081,259081,262135,262135,259081,259081,259081,259081,259081,259081,262135,262135,259081,259081,259081,259081,259081,259081
31,278932,279441,297256,305909,304382,326778,338994,292675,293184,281477,275878,283513,273842,271297,273333,275878,284531,292166,303873,344084,421452,334413,5297256,57810681,5280968,272315,272824,266207,259081,259081,11759081,0,11762135,262135,259081,259081,259081,259081,1509081,18009081,1512135,262135,259081,259081,259081,259081,259081,1009081,262135,262135,259081,259081,259081,259081,259081,259081,262135,262135,259081,259081,259081,259081,259081,259081
32,282220,282735,300760,309515,307970,330630,342990,296125,296640,284795,279130,286855,277070,274495,276555,279130,287885,295610,307455,348140,426420,338355,300760,5296125,68802286,6525525,276040,269345,262135,262135,262135,11762135,0,31265225,262135,262135,262135,262135,262135,1512135,29015225,2765225,262135,262135,262135,262135,262135,262135,1015225,265225,262135,262135,262135,262135,262135,262135,265225,265225,262135,262135,262135,262135,262135,262135
33,282220,282735,300760,309515,307970,330630,342990,296125,296640,284795,279130,286855,277070,274495,276555,279130,287885,295610,307455,348140,426420,338355,300760,296125,6534280,55041537,1526040,269345,262135,262135,262135,262135,31265225,0,19762135,262135,262135,262135,262135,262135,2765225,29015225,1512135,262135,262135,262135,262135,262135,265225,765225,262135,262135,262135,262135,262135,262135,265225,265225,262135,262135,262135,262135,262135,262135
34,278932,279441,297256,305909,304382,326778,338994,292675,293184,281477,275878,283513,273842,271297,273333,275878,284531,292166,303873,344084,421452,334413,297256,292675,280968,1522315,18022824,1516207,259081,259081,259081,259081,262135,19762135,0,19759081,259081,259081,259081,259081,262135,1512135,18009081,1509081,259081,259081,259081,259081,262135,262135,259081,259081,259081,259081,259081,259081,262135,262135,259081,259081,259081,259081,259081,259081
35,278932,279441,297256,305909,304382,326778,338994,292675,293184,281477,275878,283513,273842,271297,273333,275878,284531,292166,303873,344084,421452,334413,297256,292675,280968,272315,1522824,18016207,1509081,259081,259081,259081,262135,262135,19759081,0,19759081,259081,259081,259081,262135,262135,1509081,18009081,1509081,259081,259081,259081,262135,262135,259081,259081,259081,259081,259081,259081,262135,262135,259081,259081,259081,259081,259081,259081
36,278932,279441,297256,305909,304382,326778,338994,292675,293184,281477,275878,283513,273842,271297,273333,275878,284531,292166,303873,344084,421452,334413,297256,292675,280968,272315,272824,1516207,18009081,1509081,259081,259081,262135,262135,259081,19759081,0,19759081,259081,259081,262135,262135,259081,1509081,18009081,1509081,259081,259081,262135,262135,259081,259081,259081,259081,259081,259081,262135,262135,259081,259081,259081,259081,259081,259081
37,278932,279441,297256,305909,304382,326778,338994,292675,293184,281477,275878,283513,273842,271297,273333,275878,284531,292166,303873,344084,421452,334413,297256,292675,280968,272315,272824,266207,1509081,18009081,1509081,259081,262135,262135,259081,259081,19759081,0,19759081,259081,262135,262135,259081,259081,1509081,18009081,1509081,259081,262135,262135,259081,259081,259081,259081,259081,259081,262135,262135,259081,259081,259081,259081,259081,259081
38,278932,279441,297256,305909,304382,326778,338994,292675,293184,281477,275878,283513,273842,271297,273333,275878,284531,292166,303873,344084,421452,334413,297256,292675,280968,272315,272824,266207,259081,1509081,18009081,1509081,262135,262135,259081,259081,259081,19759081,0,19759081,262135,262135,259081,259081,259081,1509081,18009081,1509081,262135,262135,259081,259081,259081,259081,259081,259081,262135,262135,259081,259081,259081,259081,259081,259081
39,278932,279441,297256,305909,304382,326778,338994,292675,293184,281477,275878,283513,273842,271297,273333,275878,284531,292166,303873,344084,421452,334413,297256,292675,280968,272315,272824,266207,259081,259081,1509081,18009081,1512135,262135,259081,259081,259081,259081,19759081,0,19762135,262135,259081,259081,259081,259081,1509081,18009081,1512135,262135,259081,259081,259081,259081,259081,259081,262135,262135,259081,259081,259081,259081,259081,259081
40,282220,282735,300760,309515,307970,330630,342990,296125,296640,284795,279130,286855,277070,274495,276555,279130,287885,295610,307455,348140,426420,338355,300760,296125,784280,275525,276040,269345,262135,262135,262135,1512135,29015225,2765225,262135,262135,262135,262135,262135,19762135,0,31265225,262135,262135,262135,262135,262135,1512135,55031237,6515225,262135,262135,262135,262135,262135,262135,265225,265225,262135,262135,262135,262135,262135,262135
41,282220,282735,300760,309515,307970,330630,342990,296125,296640,284795,279130,286855,277070,274495,276555,279130,287885,295610,307455,348140,426420,338355,300760,296125,284280,1025525,276040,269345,262135,262135,262135,262135,2765225,29015225,1512135,262135,262135,262135,262135,262135,31265225,0,11762135,262135,262135,262135,262135,262135,6515225,68783231,5262135,262135,262135,262135,262135,262135,265225,265225,262135,262135,262135,262135,262135,262135
42,278932,279441,297256,305909,304382,326778,338994,292675,293184,281477,275878,283513,273842,271297,273333,275878,284531,292166,303873,344084,421452,334413,297256,292675,280968,272315,1022824,266207,259081,259081,259081,259081,262135,1512135,18009081,1509081,259081,259081,259081,259081,262135,11762135,0,11759081,259081,259081,259081,259081,262135,5262135,57777087,5259081,259081,259081,259081,259081,262135,262135,259081,259081,259081,259081,259081,259081
43,278932,279441,297256,305909,304382,326778,338994,292675,293184,281477,275878,283513,273842,271297,273333,275878,284531,292166,303873,344084,421452,334413,297256,292675,280968,272315,272824,1016207,259081,259081,259081,259081,262135,262135,1509081,18009081,1509081,259081,259081,259081,262135,262135,11759081,0,11759081,259081,259081,259081,262135,262135,5259081,57777087,5259081,259081,259081,259081,262135,262135,259081,259081,259081,259081,259081,259081
44,278932,279441,297256,305909,304382,326778,338994,292675,293184,281477,275878,283513,273842,271297,273333,275878,284531,292166,303873,344084,421452,334413,297256,292675,280968,272315,272824,266207,1009081,259081,259081,259081,262135,262135,259081,1509081,18009081,1509081,259081,259081,262135,262135,259081,11759081,0,11759081,259081,259081,262135,262135,259081,5259081,57777087,5259081,259081,259081,262135,262135,259081,259081,259081,259081,259081,259081
45,278932,279441,297256,305909,304382,326778,338994,292675,293184,281477,275878,283513,273842,271297,273333,275878,284531,292166,303873,344084,421452,334413,297256,292675,280968,272315,272824,266207,259081,1009081,259081,259081,262135,262135,259081,259081,1509081,18009081,1509081,259081,262135,262135,259081,259081,11759081,0,11759081,259081,262135,262135,259081,259081,5259081,57777087,5259081,259081,262135,262135,259081,259081,259081,259081,259081,259081
46,278932,279441,297256,305909,304382,326778,338994,292675,293184,281477,275878,283513,273842,271297,273333,275878,284531,292166,303873,344084,421452,334413,297256,292675,280968,272315,272824,266207,259081,259081,1009081,259081,262135,262135,259081,259081,259081,1509081,18009081,1509081,262135,262135,259081,259081,259081,11759081,0,11759081,262135,262135,259081,259081,259081,5259081,57777087,5259081,262135,262135,259081,259081,259081,259081,259081,259081
47,278932,279441,297256,305909,304382,326778,338994,292675,293184,281477,275878,283513,273842,271297,273333,275878,284531,292166,303873,344084,421452,334413,297256,292675,280968,272315,272824,266207,259081,259081,259081,1009081,262135,262135,259081,259081,259081,259081,1509081,18009081,1512135,262135,259081,259081,259081,259081,11759081,0,11762135,262135,259081,259081,259081,259081,5259081,57777087,5262135,262135,259081,259081,259081,259081,259081,259081
48,282220,282735,300760,309515,307970,330630,342990,296125,296640,284795,279130,286855,277070,274495,276555,279130,287885,295610,307455,348140,426420,338355,300760,296125,284280,275525,276040,269345,262135,262135,262135,262135,1015225,265225,262135,262135,262135,262135,262135,1512135,55031237,6515225,262135,262135,262135,262135,262135,11762135,0,24265225,262135,262135,262135,262135,262135,5262135,76291237,7765225,262135,262135,262135,262135,262135,262135
49,282220,282735,300760,309515,307970,330630,342990,296125,296640,284795,279130,286855,277070,274495,276555,279130,287885,295610,307455,348140,426420,338355,300760,296125,284280,275525,276040,269345,262135,262135,262135,262135,265225,765225,262135,262135,262135,262135,262135,262135,6515225,68783231,5262135,262135,262135,262135,262135,262135,24265225,0,12762135,262135,262135,262135,262135,262135,7765225,66040240,2762135,262135,262135,262135,262135,262135
50,278932,279441,297256,305909,304382,326778,338994,292675,293184,281477,275878,283513,273842,271297,273333,275878,284531,292166,303873,344084,421452,334413,297256,292675,280968,272315,272824,266207,259081,259081,259081,259081,262135,262135,259081,259081,259081,259081,259081,259081,262135,5262135,57777087,5259081,259081,259081,259081,259081,262135,12762135,0,12759081,259081,259081,259081,259081,262135,2762135,29018084,2759081,259081,259081,259081,259081
51,278932,279441,297256,305909,304382,326778,338994,292675,293184,281477,275878,283513,273842,271297,273333,275878,284531,292166,303873,344084,421452,334413,297256,292675,280968,272315,272824,266207,259081,259081,259081,259081,262135,262135,259081,259081,259081,259081,259081,259081,262135,262135,5259081,57777087,5259081,259081,259081,259081,262135,262135,12759081,0,12759081,259081,259081,259081,262135,262135,2759081,29018084,2759081,259081,259081,259081
52,278932,279441,297256,305909,304382,326778,338994,292675,293184,281477,275878,283513,273842,271297,273333,275878,284531,292166,303873,344084,421452,334413,297256,292675,280968,272315,272824,266207,259081,259081,259081,259081,262135,262135,259081,259081,259081,259081,259081,259081,262135,262135,259081,5259081,57777087,5259081,259081,259081,262135,262135,259081,12759081,0,12759081,259081,259081,262135,262135,259081,2759081,29018084,2759081,259081,259081
53,278932,279441,297256,305909,304382,326778,338994,292675,293184,281477,275878,283513,273842,271297,273333,275878,284531,292166,303873,344084,421452,334413,297256,292675,280968,272315,272824,266207,259081,259081,259081,259081,262135,262135,259081,259081,259081,259081,259081,259081,262135,262135,259081,259081,5259081,57777087,5259081,259081,262135,262135,259081,259081,12759081,0,12759081,259081,262135,262135,259081,259081,2759081,29018084,2759081,259081
54,278932,279441,297256,305909,304382,326778,338994,292675,293184,281477,275878,283513,273842,271297,273333,275878,284531,292166,303873,344084,421452,334413,297256,292675,280968,272315,272824,266207,259081,259081,259081,259081,262135,262135,259081,259081,259081,259081,259081,259081,262135,262135,259081,259081,259081,5259081,57777087,5259081,262135,262135,259081,259081,259081,12759081,0,12759081,262135,262135,259081,259081,259081,2759081,29018084,2759081
55,2778932,279441,297256,305909,304382,326778,338994,292675,293184,281477,275878,283513,273842,271297,273333,275878,284531,292166,303873,344084,421452,334413,297256,292675,280968,272315,272824,266207,259081,259081,259081,259081,262135,262135,259081,259081,259081,259081,259081,259081,262135,262135,259081,259081,259081,259081,5259081,57777087,5262135,262135,259081,259081,259081,259081,12759081,0,12762135,262135,259081,259081,259081,259081,2759081,29018084
56,66057235,7782735,300760,309515,307970,330630,342990,296125,296640,284795,279130,286855,277070,274495,276555,279130,287885,295610,307455,348140,426420,338355,300760,296125,284280,275525,276040,269345,262135,262135,262135,262135,265225,265225,262135,262135,262135,262135,262135,262135,265225,265225,262135,262135,262135,262135,262135,5262135,76291237,7765225,262135,262135,262135,262135,262135,12762135,0,25265225,262135,262135,262135,262135,262135,2762135
57,7782220,76308747,5300760,309515,307970,330630,342990,296125,296640,284795,279130,286855,277070,274495,276555,279130,287885,295610,307455,348140,426420,338355,300760,296125,284280,275525,276040,269345,262135,262135,262135,262135,265225,265225,262135,262135,262135,262135,262135,262135,265225,265225,262135,262135,262135,262135,262135,262135,7765225,66040240,2762135,262135,262135,262135,262135,262135,25265225,0,12762135,262135,262135,262135,262135,262135
58,278932,5279441,57815262,5305909,304382,326778,338994,292675,293184,281477,275878,283513,273842,271297,273333,275878,284531,292166,303873,344084,421452,334413,297256,292675,280968,272315,272824,266207,259081,259081,259081,259081,262135,262135,259081,259081,259081,259081,259081,259081,262135,262135,259081,259081,259081,259081,259081,259081,262135,2762135,29018084,2759081,259081,259081,259081,259081,262135,12762135,0,12759081,259081,259081,259081,259081
59,278932,279441,5297256,57823915,5304382,326778,338994,292675,293184,281477,275878,283513,273842,271297,273333,275878,284531,292166,303873,344084,421452,334413,297256,292675,280968,272315,272824,266207,259081,259081,259081,259081,262135,262135,259081,259081,259081,259081,259081,259081,262135,262135,259081,259081,259081,259081,259081,259081,262135,262135,2759081,29018084,2759081,259081,259081,259081,262135,262135,12759081,0,12759081,259081,259081,259081
60,278932,279441,297256,5305909,57822388,5326778,338994,292675,293184,281477,275878,283513,273842,271297,273333,275878,284531,292166,303873,344084,421452,334413,297256,292675,280968,272315,272824,266207,259081,259081,259081,259081,262135,262135,259081,259081,259081,259081,259081,259081,262135,262135,259081,259081,259081,259081,259081,259081,262135,262135,259081,2759081,29018084,2759081,259081,259081,262135,262135,259081,12759081,0,12759081,259081,259081
61,278932,279441,297256,305909,5304382,57844784,5338994,292675,293184,281477,275878,283513,273842,271297,273333,275878,284531,292166,303873,344084,421452,334413,297256,292675,280968,272315,272824,266207,259081,259081,259081,259081,262135,262135,259081,259081,259081,259081,259081,259081,262135,262135,259081,259081,259081,259081,259081,259081,262135,262135,259081,259081,2759081,29018084,2759081,259081,262135,262135,259081,259081,12759081,0,12759081,259081
62,278932,279441,297256,305909,304382,5326778,57857000,5292675,293184,281477,275878,283513,273842,271297,273333,275878,284531,292166,303873,344084,421452,334413,297256,292675,280968,272315,272824,266207,259081,259081,259081,259081,262135,262135,259081,259081,259081,259081,259081,259081,262135,262135,259081,259081,259081,259081,259081,259081,262135,262135,259081,259081,259081,2759081,29018084,2759081,262135,262135,259081,259081,259081,12759081,0,12759081
63,12778932,279441,297256,305909,304382,326778,5338994,57810681,5293184,281477,275878,283513,273842,271297,273333,275878,284531,292166,303873,344084,421452,334413,297256,292675,280968,272315,272824,266207,259081,259081,259081,259081,262135,262135,259081,259081,259081,259081,259081,259081,262135,262135,259081,259081,259081,259081,259081,259081,262135,262135,259081,259081,259081,259081,2759081,29018084,2762135,262135,259081,259081,259081,259081,12759081,0
